%22success%22,%22trial_type%22,%22trial_index%22,%22time_elapsed%22,%22internal_node_id%22,%22ID%22,%22Education%22,%22timeout%22,%22failed_images%22,%22failed_audio%22,%22failed_video%22,%22rt%22,%22stimulus%22,%22response%22,%22value%22,%22view_history%22,%22response_type%22,%22key_press%22,%22avg_frame_time%22,%22center_x%22,%22center_y%22,%22Image%22,%22word%22,%22correct_response%22,%22correct%22,%22screen_id%22,%22on_finish%22%0D%0A%22true%22,%22fullscreen%22,%220%22,%2215674%22,%220.0-0.0%22,%22023%22,%22high%20school%22,%22%22,%22%22,%22%22,%22%22,%22%22,%22%22,%22%22,%22%22,%22%22,%22%22,%22%22,%22%22,%22%22,%22%22,%22%22,%22%22,%22%22,%22%22,%22%22,%22%22%0D%0A%22true%22,%22preload%22,%221%22,%2216011%22,%220.0-1.0%22,%22023%22,%22high%20school%22,%22false%22,%22%5B%5D%22,%22%5B%5D%22,%22%5B%5D%22,%22%22,%22%22,%22%22,%22%22,%22%22,%22%22,%22%22,%22%22,%22%22,%22%22,%22%22,%22%22,%22%22,%22%22,%22%22,%22%22%0D%0A%22%22,%22html-keyboard-response%22,%222%22,%2250380%22,%220.0-2.0%22,%22023%22,%22high%20school%22,%22%22,%22%22,%22%22,%22%22,%2234350.32999981195%22,%22%0A%20%20%20%20%20%3Cp%3E%E6%82%A8%E5%A5%BD%EF%BC%8C%E6%AC%A2%E8%BF%8E%E5%8F%82%E5%8A%A0%E6%9C%AC%E6%AC%A1%E5%AE%9E%E9%AA%8C%E3%80%82%3C/p%3E%0A%20%20%20%20%20%3Cp%3E%E4%B8%BA%E5%85%85%E5%88%86%E4%BF%9D%E9%9A%9C%E6%82%A8%E7%9A%84%E6%9D%83%E5%88%A9%EF%BC%8C%E8%AF%B7%E7%A1%AE%E4%BF%9D%E4%BD%A0%E5%B7%B2%E7%BB%8F%E7%9F%A5%E6%99%93%E5%B9%B6%E5%90%8C%E6%84%8F%E3%80%8A%E5%8F%82%E4%B8%8E%E5%AE%9E%E9%AA%8C%E5%90%8C%E6%84%8F%E4%B9%A6%E3%80%8B%E4%BB%A5%E5%8F%8A%E3%80%8A%E6%95%B0%E6%8D%AE%E5%85%AC%E5%BC%80%E7%9F%A5%E6%83%85%E5%90%8C%E6%84%8F%E4%B9%A6%E3%80%8B%E3%80%82%3C/p%3E%0A%20%20%20%20%20%3Cp%3E%E5%A6%82%E6%9E%9C%E4%BD%A0%E6%9C%AA%E8%A7%81%E8%BF%87%E4%B8%8A%E8%BF%B0%E5%86%85%E5%AE%B9%EF%BC%8C%E8%AF%B7%E5%92%A8%E8%AF%A2%E5%AE%9E%E9%AA%8C%E5%91%98%E3%80%82%3C/p%3E%0A%20%20%20%20%20%3Cp%3E%E5%A6%82%E6%9E%9C%E6%82%A8%E9%80%89%E6%8B%A9%E7%BB%A7%E7%BB%AD%E5%AE%9E%E9%AA%8C%EF%BC%8C%E5%88%99%E8%A1%A8%E7%A4%BA%E6%82%A8%E5%B7%B2%E7%BB%8F%E6%B8%85%E6%A5%9A%E4%B8%A4%E4%BB%BD%E7%9F%A5%E6%83%85%E5%90%8C%E6%84%8F%E4%B9%A6%E7%9A%84%E5%86%85%E5%AE%B9%E5%B9%B6%E5%90%8C%E6%84%8F%E3%80%82%3C/p%3E%0A%20%20%20%20%20%3Cp%3E%20%E6%8C%89%E4%BB%BB%E6%84%8F%E9%94%AE%E8%87%B3%E4%B8%8B%E9%A1%B5%E3%80%82%3C/p%3E%0A%20%20%20%20%20%22,%22%20%22,%22%22,%22%22,%22%22,%22%22,%22%22,%22%22,%22%22,%22%22,%22%22,%22%22,%22%22,%22%22,%22%22%0D%0A%22%22,%22html-keyboard-response%22,%223%22,%2252657%22,%220.0-3.0%22,%22023%22,%22high%20school%22,%22%22,%22%22,%22%22,%22%22,%222256.495000096038%22,%22%0A%20%20%20%20%20%3Cp%3E%E6%9C%AC%E5%AE%9E%E9%AA%8C%E9%A6%96%E5%85%88%E9%9C%80%E8%A6%81%E6%82%A8%E5%A1%AB%E5%86%99%E4%B8%80%E4%BA%9B%E5%9F%BA%E6%9C%AC%E4%B8%AA%E4%BA%BA%E4%BF%A1%E6%81%AF%E3%80%82%3C/p%3E%0A%20%20%20%20%20%3Cp%3E%20%E6%8C%89%E4%BB%BB%E6%84%8F%E9%94%AE%E8%87%B3%E4%B8%8B%E9%A1%B5%E3%80%82%3C/p%3E%0A%20%20%20%20%20%22,%22%20%22,%22%22,%22%22,%22%22,%22%22,%22%22,%22%22,%22%22,%22%22,%22%22,%22%22,%22%22,%22%22,%22%22%0D%0A%22%22,%22call-function%22,%224%22,%2252683%22,%220.0-4.0-0.0%22,%22023%22,%22high%20school%22,%22%22,%22%22,%22%22,%22%22,%22%22,%22%22,%22%22,%22%22,%22%22,%22%22,%22%22,%22%22,%22%22,%22%22,%22%22,%22%22,%22%22,%22%22,%22%22,%22%22%0D%0A%22%22,%22survey-html-form%22,%225%22,%2271049%22,%220.0-4.0-1.0%22,%22023%22,%22high%20school%22,%22%22,%22%22,%22%22,%22%22,%2218320.029999827966%22,%22%22,%22%7B%22%22Q0%22%22:%22%22023%22%22%7D%22,%22%22,%22%22,%22%22,%22%22,%22%22,%22%22,%22%22,%22%22,%22%22,%22%22,%22%22,%22%22,%22%22%0D%0A%22%22,%22survey-html-form%22,%226%22,%2277992%22,%220.0-4.0-2.0%22,%22023%22,%22high%20school%22,%22%22,%22%22,%22%22,%22%22,%226924.374999944121%22,%22%22,%22%7B%22%22Q0%22%22:%22%224%22%22%7D%22,%22%22,%22%22,%22%22,%22%22,%22%22,%22%22,%22%22,%22%22,%22%22,%22%22,%22%22,%22%22,%22%22%0D%0A%22%22,%22instructions%22,%227%22,%22130942%22,%220.0-5.0%22,%22023%22,%22high%20school%22,%22%22,%22%22,%22%22,%22%22,%2252931.31999997422%22,%22%22,%22%22,%22%22,%22%5B%7B%22%22page_index%22%22:0,%22%22viewing_time%22%22:14345.200000097975%7D,%7B%22%22page_index%22%22:1,%22%22viewing_time%22%22:19986.784999957308%7D,%7B%22%22page_index%22%22:2,%22%22viewing_time%22%22:17023.169999942183%7D,%7B%22%22page_index%22%22:3,%22%22viewing_time%22%22:1575.9050000924617%7D%5D%22,%22%22,%22%22,%22%22,%22%22,%22%22,%22%22,%22%22,%22%22,%22%22,%22%22,%22%22%0D%0A%22%22,%22psychophysics%22,%228%22,%22133702%22,%220.0-6.0-0.0-0.0%22,%22023%22,%22high%20school%22,%22%22,%22%22,%22%22,%22%22,%221729.605000000447%22,%22%22,%22j%22,%22%22,%22%22,%22key%22,%22j%22,%2216.772598765432054%22,%22768%22,%22428%22,%22./img/Cir.png%22,%22%E6%96%B9%E5%9D%97%22,%22f%22,%22false%22,%22%22,%22%22%0D%0A%22%22,%22html-keyboard-response%22,%229%22,%22134021%22,%220.0-6.0-0.0-1.0%22,%22023%22,%22high%20school%22,%22%22,%22%22,%22%22,%22%22,%22null%22,%22%3Cspan%20class='add_'%20style='color:white;%20font-size:%2030px;'%3E%20%E5%A4%AA%E6%85%A2!%20%3C/span%3E%22,%22null%22,%22%22,%22%22,%22%22,%22%22,%22%22,%22%22,%22%22,%22%22,%22%22,%22%22,%22%22,%22feedback_test%22,%22%22%0D%0A%22%22,%22psychophysics%22,%2210%22,%22135674%22,%220.0-6.0-0.0-0.1%22,%22023%22,%22high%20school%22,%22%22,%22%22,%22%22,%22%22,%22634.4600000884384%22,%22%22,%22j%22,%22%22,%22%22,%22key%22,%22j%22,%2216.677234693877317%22,%22768%22,%22428%22,%22./img/Squ.png%22,%22%E6%96%B9%E5%9D%97%22,%22j%22,%22true%22,%22%22,%22%22%0D%0A%22%22,%22html-keyboard-response%22,%2211%22,%22135999%22,%220.0-6.0-0.0-1.1%22,%22023%22,%22high%20school%22,%22%22,%22%22,%22%22,%22%22,%22null%22,%22%3Cspan%20style='font-size:%2030px;'%3E%E6%AD%A3%E7%A1%AE!%20%3C/span%3E%22,%22null%22,%22%22,%22%22,%22%22,%22%22,%22%22,%22%22,%22%22,%22%22,%22%22,%22%22,%22%22,%22feedback_test%22,%22%22%0D%0A%22%22,%22psychophysics%22,%2212%22,%22137857%22,%220.0-6.0-0.0-0.2%22,%22023%22,%22high%20school%22,%22%22,%22%22,%22%22,%22%22,%22833.5400000214577%22,%22%22,%22f%22,%22%22,%22%22,%22key%22,%22f%22,%2216.666690909091002%22,%22768%22,%22428%22,%22./img/Squ.png%22,%22%E4%B8%89%E8%A7%92%22,%22f%22,%22true%22,%22%22,%22%22%0D%0A%22%22,%22html-keyboard-response%22,%2213%22,%22138180%22,%220.0-6.0-0.0-1.2%22,%22023%22,%22high%20school%22,%22%22,%22%22,%22%22,%22%22,%22null%22,%22%3Cspan%20style='font-size:%2030px;'%3E%E6%AD%A3%E7%A1%AE!%20%3C/span%3E%22,%22null%22,%22%22,%22%22,%22%22,%22%22,%22%22,%22%22,%22%22,%22%22,%22%22,%22%22,%22%22,%22feedback_test%22,%22%22%0D%0A%22%22,%22psychophysics%22,%2214%22,%22139978%22,%220.0-6.0-0.0-0.3%22,%22023%22,%22high%20school%22,%22%22,%22%22,%22%22,%22%22,%22779.8150000162423%22,%22%22,%22f%22,%22%22,%22%22,%22key%22,%22f%22,%2216.66640566037732%22,%22768%22,%22428%22,%22./img/Squ.png%22,%22%E5%9C%86%E5%BD%A2%22,%22f%22,%22true%22,%22%22,%22%22%0D%0A%22%22,%22html-keyboard-response%22,%2215%22,%22140305%22,%220.0-6.0-0.0-1.3%22,%22023%22,%22high%20school%22,%22%22,%22%22,%22%22,%22%22,%22null%22,%22%3Cspan%20style='font-size:%2030px;'%3E%E6%AD%A3%E7%A1%AE!%20%3C/span%3E%22,%22null%22,%22%22,%22%22,%22%22,%22%22,%22%22,%22%22,%22%22,%22%22,%22%22,%22%22,%22%22,%22feedback_test%22,%22%22%0D%0A%22%22,%22psychophysics%22,%2216%22,%22142333%22,%220.0-6.0-0.0-0.4%22,%22023%22,%22high%20school%22,%22%22,%22%22,%22%22,%22%22,%221011.8950000032783%22,%22%22,%22j%22,%22%22,%22%22,%22key%22,%22j%22,%2216.671231404958775%22,%22768%22,%22428%22,%22./img/Tri.png%22,%22%E4%B8%89%E8%A7%92%22,%22j%22,%22true%22,%22%22,%22%22%0D%0A%22%22,%22html-keyboard-response%22,%2217%22,%22142650%22,%220.0-6.0-0.0-1.4%22,%22023%22,%22high%20school%22,%22%22,%22%22,%22%22,%22%22,%22null%22,%22%3Cspan%20style='font-size:%2030px;'%3E%E6%AD%A3%E7%A1%AE!%20%3C/span%3E%22,%22null%22,%22%22,%22%22,%22%22,%22%22,%22%22,%22%22,%22%22,%22%22,%22%22,%22%22,%22%22,%22feedback_test%22,%22%22%0D%0A%22%22,%22psychophysics%22,%2218%22,%22144341%22,%220.0-6.0-0.0-0.5%22,%22023%22,%22high%20school%22,%22%22,%22%22,%22%22,%22%22,%22671.9649999868125%22,%22%22,%22f%22,%22%22,%22%22,%22key%22,%22f%22,%2216.666880000000237%22,%22768%22,%22428%22,%22./img/Squ.png%22,%22%E6%96%B9%E5%9D%97%22,%22j%22,%22false%22,%22%22,%22%22%0D%0A%22%22,%22html-keyboard-response%22,%2219%22,%22144668%22,%220.0-6.0-0.0-1.5%22,%22023%22,%22high%20school%22,%22%22,%22%22,%22%22,%22%22,%22null%22,%22%3Cspan%20style='font-size:%2030px;'%3E%E9%94%99%E8%AF%AF!%20%3C/span%3E%22,%22null%22,%22%22,%22%22,%22%22,%22%22,%22%22,%22%22,%22%22,%22%22,%22%22,%22%22,%22%22,%22feedback_test%22,%22%22%0D%0A%22%22,%22psychophysics%22,%2220%22,%22146728%22,%220.0-6.0-0.0-0.6%22,%22023%22,%22high%20school%22,%22%22,%22%22,%22%22,%22%22,%221038.7649999465793%22,%22%22,%22f%22,%22%22,%22%22,%22key%22,%22f%22,%2216.735918032786937%22,%22768%22,%22428%22,%22./img/Tri.png%22,%22%E6%96%B9%E5%9D%97%22,%22f%22,%22true%22,%22%22,%22%22%0D%0A%22%22,%22html-keyboard-response%22,%2221%22,%22147057%22,%220.0-6.0-0.0-1.6%22,%22023%22,%22high%20school%22,%22%22,%22%22,%22%22,%22%22,%22null%22,%22%3Cspan%20style='font-size:%2030px;'%3E%E6%AD%A3%E7%A1%AE!%20%3C/span%3E%22,%22null%22,%22%22,%22%22,%22%22,%22%22,%22%22,%22%22,%22%22,%22%22,%22%22,%22%22,%22%22,%22feedback_test%22,%22%22%0D%0A%22%22,%22psychophysics%22,%2222%22,%22149091%22,%220.0-6.0-0.0-0.7%22,%22023%22,%22high%20school%22,%22%22,%22%22,%22%22,%22%22,%221012.0749999769032%22,%22%22,%22j%22,%22%22,%22%22,%22key%22,%22j%22,%2216.805791666666725%22,%22768%22,%22428%22,%22./img/Cir.png%22,%22%E5%9C%86%E5%BD%A2%22,%22j%22,%22true%22,%22%22,%22%22%0D%0A%22%22,%22html-keyboard-response%22,%2223%22,%22149410%22,%220.0-6.0-0.0-1.7%22,%22023%22,%22high%20school%22,%22%22,%22%22,%22%22,%22%22,%22null%22,%22%3Cspan%20style='font-size:%2030px;'%3E%E6%AD%A3%E7%A1%AE!%20%3C/span%3E%22,%22null%22,%22%22,%22%22,%22%22,%22%22,%22%22,%22%22,%22%22,%22%22,%22%22,%22%22,%22%22,%22feedback_test%22,%22%22%0D%0A%22%22,%22psychophysics%22,%2224%22,%22151341%22,%220.0-6.0-0.0-0.8%22,%22023%22,%22high%20school%22,%22%22,%22%22,%22%22,%22%22,%22902.500000083819%22,%22%22,%22j%22,%22%22,%22%22,%22key%22,%22j%22,%2216.703061403508816%22,%22768%22,%22428%22,%22./img/Tri.png%22,%22%E4%B8%89%E8%A7%92%22,%22j%22,%22true%22,%22%22,%22%22%0D%0A%22%22,%22html-keyboard-response%22,%2225%22,%22151667%22,%220.0-6.0-0.0-1.8%22,%22023%22,%22high%20school%22,%22%22,%22%22,%22%22,%22%22,%22null%22,%22%3Cspan%20style='font-size:%2030px;'%3E%E6%AD%A3%E7%A1%AE!%20%3C/span%3E%22,%22null%22,%22%22,%22%22,%22%22,%22%22,%22%22,%22%22,%22%22,%22%22,%22%22,%22%22,%22%22,%22feedback_test%22,%22%22%0D%0A%22%22,%22psychophysics%22,%2226%22,%22153679%22,%220.0-6.0-0.0-0.9%22,%22023%22,%22high%20school%22,%22%22,%22%22,%22%22,%22%22,%22990.4849999584258%22,%22%22,%22f%22,%22%22,%22%22,%22key%22,%22f%22,%2216.806974789915955%22,%22768%22,%22428%22,%22./img/Cir.png%22,%22%E4%B8%89%E8%A7%92%22,%22f%22,%22true%22,%22%22,%22%22%0D%0A%22%22,%22html-keyboard-response%22,%2227%22,%22154007%22,%220.0-6.0-0.0-1.9%22,%22023%22,%22high%20school%22,%22%22,%22%22,%22%22,%22%22,%22null%22,%22%3Cspan%20style='font-size:%2030px;'%3E%E6%AD%A3%E7%A1%AE!%20%3C/span%3E%22,%22null%22,%22%22,%22%22,%22%22,%22%22,%22%22,%22%22,%22%22,%22%22,%22%22,%22%22,%22%22,%22feedback_test%22,%22%22%0D%0A%22%22,%22psychophysics%22,%2228%22,%22155919%22,%220.0-6.0-0.0-0.10%22,%22023%22,%22high%20school%22,%22%22,%22%22,%22%22,%22%22,%22888.2999999914318%22,%22%22,%22j%22,%22%22,%22%22,%22key%22,%22j%22,%2216.667840707964732%22,%22768%22,%22428%22,%22./img/Cir.png%22,%22%E5%9C%86%E5%BD%A2%22,%22j%22,%22true%22,%22%22,%22%22%0D%0A%22%22,%22html-keyboard-response%22,%2229%22,%22156250%22,%220.0-6.0-0.0-1.10%22,%22023%22,%22high%20school%22,%22%22,%22%22,%22%22,%22%22,%22null%22,%22%3Cspan%20style='font-size:%2030px;'%3E%E6%AD%A3%E7%A1%AE!%20%3C/span%3E%22,%22null%22,%22%22,%22%22,%22%22,%22%22,%22%22,%22%22,%22%22,%22%22,%22%22,%22%22,%22%22,%22feedback_test%22,%22%22%0D%0A%22%22,%22psychophysics%22,%2230%22,%22158190%22,%220.0-6.0-0.0-0.11%22,%22023%22,%22high%20school%22,%22%22,%22%22,%22%22,%22%22,%22913.1849999539554%22,%22%22,%22f%22,%22%22,%22%22,%22key%22,%22f%22,%2216.666347826086998%22,%22768%22,%22428%22,%22./img/Tri.png%22,%22%E5%9C%86%E5%BD%A2%22,%22f%22,%22true%22,%22%22,%22%22%0D%0A%22%22,%22html-keyboard-response%22,%2231%22,%22158519%22,%220.0-6.0-0.0-1.11%22,%22023%22,%22high%20school%22,%22%22,%22%22,%22%22,%22%22,%22null%22,%22%3Cspan%20style='font-size:%2030px;'%3E%E6%AD%A3%E7%A1%AE!%20%3C/span%3E%22,%22null%22,%22%22,%22%22,%22%22,%22%22,%22%22,%22%22,%22%22,%22%22,%22%22,%22%22,%22%22,%22feedback_test%22,%22%22%0D%0A%22%22,%22html-keyboard-response%22,%2232%22,%22166179%22,%220.0-7.0%22,%22023%22,%22high%20school%22,%22%22,%22%22,%22%22,%22%22,%227640.640000114217%22,%22%3Cstyle%3E.context%7Bcolor:white;%20font-size:%2030px;%7D%3C/style%3E%20%20%20%20%20%20%20%20%20%20%20%20%20%20%20%20%20%20%20%20%20%20%20%20%20%20%20%20%3Cdiv%3E%3Cp%20class='context'%3E%E4%BD%A0%E6%AD%A3%E7%A1%AE%E5%9B%9E%E7%AD%94%E4%BA%8683%25%20%E7%9A%84%E8%AF%95%E6%AC%A1%E3%80%82%3C/p%3E%3Cp%20class='context'%3E%E4%BD%A0%E7%9A%84%E5%B9%B3%E5%9D%87%E5%8F%8D%E5%BA%94%E6%97%B6%E4%B8%BA901%E6%AF%AB%E7%A7%92%E3%80%82%3C/p%3E%3Cp%20class='context'%3E%E6%81%AD%E5%96%9C%E4%BD%A0%E5%AE%8C%E6%88%90%E7%BB%83%E4%B9%A0%E3%80%82%E6%8C%89%E4%BB%BB%E6%84%8F%E9%94%AE%E8%BF%9B%E5%85%A5%E6%AD%A3%E5%BC%8F%E5%AE%9E%E9%AA%8C%E3%80%82%3C/p%3E%3C/div%3E%22,%22%20%22,%22%22,%22%22,%22%22,%22%22,%22%22,%22%22,%22%22,%22%22,%22%22,%22%22,%22%22,%22%22,%22%22%0D%0A%22%22,%22psychophysics%22,%2233%22,%22168701%22,%220.0-8.0-0.0%22,%22023%22,%22high%20school%22,%22%22,%22%22,%22%22,%22%22,%22null%22,%22%22,%22null%22,%22%22,%22%22,%22key%22,%22null%22,%2216.670033333333365%22,%22768%22,%22428%22,%22./img/Cir.png%22,%22%E6%96%B9%E5%9D%97%22,%22f%22,%22false%22,%22%22,%22%22%0D%0A%22%22,%22psychophysics%22,%2234%22,%22171229%22,%220.0-8.0-0.1%22,%22023%22,%22high%20school%22,%22%22,%22%22,%22%22,%22%22,%22null%22,%22%22,%22null%22,%22%22,%22%22,%22key%22,%22null%22,%2216.666644295302124%22,%22768%22,%22428%22,%22./img/Tri.png%22,%22%E6%96%B9%E5%9D%97%22,%22f%22,%22false%22,%22%22,%22%22%0D%0A%22%22,%22psychophysics%22,%2235%22,%22173750%22,%220.0-8.0-0.2%22,%22023%22,%22high%20school%22,%22%22,%22%22,%22%22,%22%22,%22null%22,%22%22,%22null%22,%22%22,%22%22,%22key%22,%22null%22,%2216.666673333333456%22,%22768%22,%22428%22,%22./img/Cir.png%22,%22%E5%9C%86%E5%BD%A2%22,%22j%22,%22false%22,%22%22,%22%22%0D%0A%22%22,%22psychophysics%22,%2236%22,%22175582%22,%220.0-8.0-0.3%22,%22023%22,%22high%20school%22,%22%22,%22%22,%22%22,%22%22,%22814.5050001330674%22,%22%22,%22f%22,%22%22,%22%22,%22key%22,%22f%22,%2216.666796296296255%22,%22768%22,%22428%22,%22./img/Cir.png%22,%22%E4%B8%89%E8%A7%92%22,%22f%22,%22true%22,%22%22,%22%22%0D%0A%22%22,%22psychophysics%22,%2237%22,%22178055%22,%220.0-8.0-0.4%22,%22023%22,%22high%20school%22,%22%22,%22%22,%22%22,%22%22,%221457.590000005439%22,%22%22,%22f%22,%22%22,%22%22,%22key%22,%22f%22,%2216.666719178082293%22,%22768%22,%22428%22,%22./img/Squ.png%22,%22%E6%96%B9%E5%9D%97%22,%22j%22,%22false%22,%22%22,%22%22%0D%0A%22%22,%22psychophysics%22,%2238%22,%22180311%22,%220.0-8.0-0.5%22,%22023%22,%22high%20school%22,%22%22,%22%22,%22%22,%22%22,%221231.1999998055398%22,%22%22,%22f%22,%22%22,%22%22,%22key%22,%22f%22,%2216.666661654135318%22,%22768%22,%22428%22,%22./img/Squ.png%22,%22%E4%B8%89%E8%A7%92%22,%22f%22,%22true%22,%22%22,%22%22%0D%0A%22%22,%22psychophysics%22,%2239%22,%22182120%22,%220.0-8.0-0.6%22,%22023%22,%22high%20school%22,%22%22,%22%22,%22%22,%22%22,%22789.2599999904633%22,%22%22,%22j%22,%22%22,%22%22,%22key%22,%22j%22,%2216.666757009345734%22,%22768%22,%22428%22,%22./img/Tri.png%22,%22%E5%9C%86%E5%BD%A2%22,%22f%22,%22false%22,%22%22,%22%22%0D%0A%22%22,%22psychophysics%22,%2240%22,%22184648%22,%220.0-8.0-0.7%22,%22023%22,%22high%20school%22,%22%22,%22%22,%22%22,%22%22,%22null%22,%22%22,%22null%22,%22%22,%22%22,%22key%22,%22null%22,%2216.666644295302124%22,%22768%22,%22428%22,%22./img/Squ.png%22,%22%E6%96%B9%E5%9D%97%22,%22j%22,%22false%22,%22%22,%22%22%0D%0A%22%22,%22psychophysics%22,%2241%22,%22186598%22,%220.0-8.0-0.8%22,%22023%22,%22high%20school%22,%22%22,%22%22,%22%22,%22%22,%22932.9399999696761%22,%22%22,%22f%22,%22%22,%22%22,%22key%22,%22f%22,%2216.66681896551745%22,%22768%22,%22428%22,%22./img/Squ.png%22,%22%E5%9C%86%E5%BD%A2%22,%22f%22,%22true%22,%22%22,%22%22%0D%0A%22%22,%22psychophysics%22,%2242%22,%22188321%22,%220.0-8.0-0.9%22,%22023%22,%22high%20school%22,%22%22,%22%22,%22%22,%22%22,%22706.2600001227111%22,%22%22,%22j%22,%22%22,%22%22,%22key%22,%22j%22,%2216.666702970297024%22,%22768%22,%22428%22,%22./img/Cir.png%22,%22%E5%9C%86%E5%BD%A2%22,%22j%22,%22true%22,%22%22,%22%22%0D%0A%22%22,%22psychophysics%22,%2243%22,%22190643%22,%220.0-8.0-0.10%22,%22023%22,%22high%20school%22,%22%22,%22%22,%22%22,%22%22,%221299.0350001491606%22,%22%22,%22j%22,%22%22,%22%22,%22key%22,%22j%22,%2216.66681021897791%22,%22768%22,%22428%22,%22./img/Tri.png%22,%22%E4%B8%89%E8%A7%92%22,%22j%22,%22true%22,%22%22,%22%22%0D%0A%22%22,%22psychophysics%22,%2244%22,%22192748%22,%220.0-8.0-0.11%22,%22023%22,%22high%20school%22,%22%22,%22%22,%22%22,%22%22,%221084.7000000067055%22,%22%22,%22j%22,%22%22,%22%22,%22key%22,%22j%22,%2216.666575999999885%22,%22768%22,%22428%22,%22./img/Tri.png%22,%22%E4%B8%89%E8%A7%92%22,%22j%22,%22true%22,%22%22,%22%22%0D%0A%22%22,%22psychophysics%22,%2245%22,%22194488%22,%220.0-8.0-0.12%22,%22023%22,%22high%20school%22,%22%22,%22%22,%22%22,%22%22,%22721.9450001139194%22,%22%22,%22j%22,%22%22,%22%22,%22key%22,%22j%22,%2216.666563106796%22,%22768%22,%22428%22,%22./img/Squ.png%22,%22%E6%96%B9%E5%9D%97%22,%22j%22,%22true%22,%22%22,%22%22%0D%0A%22%22,%22psychophysics%22,%2246%22,%22196302%22,%220.0-8.0-0.13%22,%22023%22,%22high%20school%22,%22%22,%22%22,%22%22,%22%22,%22792.6800001878291%22,%22%22,%22j%22,%22%22,%22%22,%22key%22,%22j%22,%2216.666728971962584%22,%22768%22,%22428%22,%22./img/Cir.png%22,%22%E5%9C%86%E5%BD%A2%22,%22j%22,%22true%22,%22%22,%22%22%0D%0A%22%22,%22psychophysics%22,%2247%22,%22198195%22,%220.0-8.0-0.14%22,%22023%22,%22high%20school%22,%22%22,%22%22,%22%22,%22%22,%22867.4300001002848%22,%22%22,%22j%22,%22%22,%22%22,%22key%22,%22j%22,%2216.666882882882927%22,%22768%22,%22428%22,%22./img/Cir.png%22,%22%E5%9C%86%E5%BD%A2%22,%22j%22,%22true%22,%22%22,%22%22%0D%0A%22%22,%22psychophysics%22,%2248%22,%22199986%22,%220.0-8.0-0.15%22,%22023%22,%22high%20school%22,%22%22,%22%22,%22%22,%22%22,%22771.9250000081956%22,%22%22,%22f%22,%22%22,%22%22,%22key%22,%22f%22,%2216.666792452830123%22,%22768%22,%22428%22,%22./img/Cir.png%22,%22%E6%96%B9%E5%9D%97%22,%22f%22,%22true%22,%22%22,%22%22%0D%0A%22%22,%22psychophysics%22,%2249%22,%22201836%22,%220.0-8.0-0.16%22,%22023%22,%22high%20school%22,%22%22,%22%22,%22%22,%22%22,%22827.5699999649078%22,%22%22,%22f%22,%22%22,%22%22,%22key%22,%22f%22,%2216.66645871559633%22,%22768%22,%22428%22,%22./img/Cir.png%22,%22%E4%B8%89%E8%A7%92%22,%22f%22,%22true%22,%22%22,%22%22%0D%0A%22%22,%22psychophysics%22,%2250%22,%22203801%22,%220.0-8.0-0.17%22,%22023%22,%22high%20school%22,%22%22,%22%22,%22%22,%22%22,%22943.8000000081956%22,%22%22,%22f%22,%22%22,%22%22,%22key%22,%22f%22,%2216.66644827586198%22,%22768%22,%22428%22,%22./img/Tri.png%22,%22%E5%9C%86%E5%BD%A2%22,%22f%22,%22true%22,%22%22,%22%22%0D%0A%22%22,%22psychophysics%22,%2251%22,%22205431%22,%220.0-8.0-0.18%22,%22023%22,%22high%20school%22,%22%22,%22%22,%22%22,%22%22,%22602.0700000226498%22,%22%22,%22j%22,%22%22,%22%22,%22key%22,%22j%22,%2216.666822916666508%22,%22768%22,%22428%22,%22./img/Tri.png%22,%22%E4%B8%89%E8%A7%92%22,%22j%22,%22true%22,%22%22,%22%22%0D%0A%22%22,%22psychophysics%22,%2252%22,%22207182%22,%220.0-8.0-0.19%22,%22023%22,%22high%20school%22,%22%22,%22%22,%22%22,%22%22,%22731.4199998509139%22,%22%22,%22j%22,%22%22,%22%22,%22key%22,%22j%22,%2216.66680582524283%22,%22768%22,%22428%22,%22./img/Tri.png%22,%22%E4%B8%89%E8%A7%92%22,%22j%22,%22true%22,%22%22,%22%22%0D%0A%22%22,%22psychophysics%22,%2253%22,%22208952%22,%220.0-8.0-0.20%22,%22023%22,%22high%20school%22,%22%22,%22%22,%22%22,%22%22,%22745.1200000941753%22,%22%22,%22j%22,%22%22,%22%22,%22key%22,%22j%22,%2216.666778846153857%22,%22768%22,%22428%22,%22./img/Squ.png%22,%22%E6%96%B9%E5%9D%97%22,%22j%22,%22true%22,%22%22,%22%22%0D%0A%22%22,%22psychophysics%22,%2254%22,%22210699%22,%220.0-8.0-0.21%22,%22023%22,%22high%20school%22,%22%22,%22%22,%22%22,%22%22,%22729.3549999594688%22,%22%22,%22f%22,%22%22,%22%22,%22key%22,%22f%22,%2216.66672815533962%22,%22768%22,%22428%22,%22./img/Tri.png%22,%22%E6%96%B9%E5%9D%97%22,%22f%22,%22true%22,%22%22,%22%22%0D%0A%22%22,%22psychophysics%22,%2255%22,%22212726%22,%220.0-8.0-0.22%22,%22023%22,%22high%20school%22,%22%22,%22%22,%22%22,%22%22,%221006.2949999701232%22,%22%22,%22f%22,%22%22,%22%22,%22key%22,%22f%22,%2216.66681512605038%22,%22768%22,%22428%22,%22./img/Squ.png%22,%22%E5%9C%86%E5%BD%A2%22,%22f%22,%22true%22,%22%22,%22%22%0D%0A%22%22,%22psychophysics%22,%2256%22,%22214937%22,%220.0-8.0-0.23%22,%22023%22,%22high%20school%22,%22%22,%22%22,%22%22,%22%22,%221189.8950000759214%22,%22%22,%22j%22,%22%22,%22%22,%22key%22,%22j%22,%2216.66677099236648%22,%22768%22,%22428%22,%22./img/Squ.png%22,%22%E4%B8%89%E8%A7%92%22,%22f%22,%22false%22,%22%22,%22%22%0D%0A%22%22,%22psychophysics%22,%2257%22,%22216636%22,%220.0-8.0-0.24%22,%22023%22,%22high%20school%22,%22%22,%22%22,%22%22,%22%22,%22680.1050000358373%22,%22%22,%22f%22,%22%22,%22%22,%22key%22,%22f%22,%2216.666790000000038%22,%22768%22,%22428%22,%22./img/Squ.png%22,%22%E4%B8%89%E8%A7%92%22,%22f%22,%22true%22,%22%22,%22%22%0D%0A%22%22,%22psychophysics%22,%2258%22,%22218896%22,%220.0-8.0-0.25%22,%22023%22,%22high%20school%22,%22%22,%22%22,%22%22,%22%22,%221232.2199998889118%22,%22%22,%22j%22,%22%22,%22%22,%22key%22,%22j%22,%2216.66681203007531%22,%22768%22,%22428%22,%22./img/Tri.png%22,%22%E6%96%B9%E5%9D%97%22,%22f%22,%22false%22,%22%22,%22%22%0D%0A%22%22,%22psychophysics%22,%2259%22,%22220857%22,%220.0-8.0-0.26%22,%22023%22,%22high%20school%22,%22%22,%22%22,%22%22,%22%22,%22943.1400001049042%22,%22%22,%22j%22,%22%22,%22%22,%22key%22,%22j%22,%2216.66662931034481%22,%22768%22,%22428%22,%22./img/Squ.png%22,%22%E6%96%B9%E5%9D%97%22,%22j%22,%22true%22,%22%22,%22%22%0D%0A%22%22,%22psychophysics%22,%2260%22,%22222547%22,%220.0-8.0-0.27%22,%22023%22,%22high%20school%22,%22%22,%22%22,%22%22,%22%22,%22666.0700000356883%22,%22%22,%22j%22,%22%22,%22%22,%22key%22,%22j%22,%2216.66665656565638%22,%22768%22,%22428%22,%22./img/Squ.png%22,%22%E6%96%B9%E5%9D%97%22,%22j%22,%22true%22,%22%22,%22%22%0D%0A%22%22,%22psychophysics%22,%2261%22,%22224343%22,%220.0-8.0-0.28%22,%22023%22,%22high%20school%22,%22%22,%22%22,%22%22,%22%22,%22777.934999903664%22,%22%22,%22f%22,%22%22,%22%22,%22key%22,%22f%22,%2216.825314285714523%22,%22768%22,%22428%22,%22./img/Squ.png%22,%22%E5%9C%86%E5%BD%A2%22,%22f%22,%22true%22,%22%22,%22%22%0D%0A%22%22,%22psychophysics%22,%2262%22,%22226310%22,%220.0-8.0-0.29%22,%22023%22,%22high%20school%22,%22%22,%22%22,%22%22,%22%22,%22948.2100000604987%22,%22%22,%22j%22,%22%22,%22%22,%22key%22,%22j%22,%2216.666724137931006%22,%22768%22,%22428%22,%22./img/Tri.png%22,%22%E4%B8%89%E8%A7%92%22,%22j%22,%22true%22,%22%22,%22%22%0D%0A%22%22,%22psychophysics%22,%2263%22,%22228036%22,%220.0-8.0-0.30%22,%22023%22,%22high%20school%22,%22%22,%22%22,%22%22,%22%22,%22702.9399999883026%22,%22%22,%22j%22,%22%22,%22%22,%22key%22,%22j%22,%2216.666803921568583%22,%22768%22,%22428%22,%22./img/Tri.png%22,%22%E4%B8%89%E8%A7%92%22,%22j%22,%22true%22,%22%22,%22%22%0D%0A%22%22,%22psychophysics%22,%2264%22,%22229831%22,%220.0-8.0-0.31%22,%22023%22,%22high%20school%22,%22%22,%22%22,%22%22,%22%22,%22771.40500000678%22,%22%22,%22f%22,%22%22,%22%22,%22key%22,%22f%22,%2216.66672641509443%22,%22768%22,%22428%22,%22./img/Cir.png%22,%22%E6%96%B9%E5%9D%97%22,%22f%22,%22true%22,%22%22,%22%22%0D%0A%22%22,%22psychophysics%22,%2265%22,%22232350%22,%220.0-8.0-0.32%22,%22023%22,%22high%20school%22,%22%22,%22%22,%22%22,%22%22,%221502.0099999383092%22,%22%22,%22f%22,%22%22,%22%22,%22key%22,%22f%22,%2216.891966216216208%22,%22768%22,%22428%22,%22./img/Tri.png%22,%22%E5%9C%86%E5%BD%A2%22,%22f%22,%22true%22,%22%22,%22%22%0D%0A%22%22,%22psychophysics%22,%2266%22,%22234236%22,%220.0-8.0-0.33%22,%22023%22,%22high%20school%22,%22%22,%22%22,%22%22,%22%22,%22866.8599999509752%22,%22%22,%22f%22,%22%22,%22%22,%22key%22,%22f%22,%2216.666765765765753%22,%22768%22,%22428%22,%22./img/Cir.png%22,%22%E5%9C%86%E5%BD%A2%22,%22j%22,%22false%22,%22%22,%22%22%0D%0A%22%22,%22psychophysics%22,%2267%22,%22236436%22,%220.0-8.0-0.34%22,%22023%22,%22high%20school%22,%22%22,%22%22,%22%22,%22%22,%221174.1049999836832%22,%22%22,%22f%22,%22%22,%22%22,%22key%22,%22f%22,%2216.666646153846298%22,%22768%22,%22428%22,%22./img/Cir.png%22,%22%E4%B8%89%E8%A7%92%22,%22f%22,%22true%22,%22%22,%22%22%0D%0A%22%22,%22psychophysics%22,%2268%22,%22238434%22,%220.0-8.0-0.35%22,%22023%22,%22high%20school%22,%22%22,%22%22,%22%22,%22%22,%22971.2300000246614%22,%22%22,%22j%22,%22%22,%22%22,%22key%22,%22j%22,%2216.66657627118634%22,%22768%22,%22428%22,%22./img/Cir.png%22,%22%E5%9C%86%E5%BD%A2%22,%22j%22,%22true%22,%22%22,%22%22%0D%0A%22%22,%22psychophysics%22,%2269%22,%22240320%22,%220.0-8.0-0.36%22,%22023%22,%22high%20school%22,%22%22,%22%22,%22%22,%22%22,%22862.9199999850243%22,%22%22,%22f%22,%22%22,%22%22,%22key%22,%22f%22,%2216.66675675675684%22,%22768%22,%22428%22,%22./img/Tri.png%22,%22%E6%96%B9%E5%9D%97%22,%22f%22,%22true%22,%22%22,%22%22%0D%0A%22%22,%22psychophysics%22,%2270%22,%22242435%22,%220.0-8.0-0.37%22,%22023%22,%22high%20school%22,%22%22,%22%22,%22%22,%22%22,%221097.7149999234825%22,%22%22,%22f%22,%22%22,%22%22,%22key%22,%22f%22,%2216.666720000000204%22,%22768%22,%22428%22,%22./img/Cir.png%22,%22%E4%B8%89%E8%A7%92%22,%22f%22,%22true%22,%22%22,%22%22%0D%0A%22%22,%22psychophysics%22,%2271%22,%22244440%22,%220.0-8.0-0.38%22,%22023%22,%22high%20school%22,%22%22,%22%22,%22%22,%22%22,%22980.6150000076741%22,%22%22,%22f%22,%22%22,%22%22,%22key%22,%22f%22,%2216.666720338983133%22,%22768%22,%22428%22,%22./img/Squ.png%22,%22%E5%9C%86%E5%BD%A2%22,%22f%22,%22true%22,%22%22,%22%22%0D%0A%22%22,%22psychophysics%22,%2272%22,%22246530%22,%220.0-8.0-0.39%22,%22023%22,%22high%20school%22,%22%22,%22%22,%22%22,%22%22,%221069.605000084266%22,%22%22,%22j%22,%22%22,%22%22,%22key%22,%22j%22,%2216.66667479674788%22,%22768%22,%22428%22,%22./img/Tri.png%22,%22%E4%B8%89%E8%A7%92%22,%22j%22,%22true%22,%22%22,%22%22%0D%0A%22%22,%22psychophysics%22,%2273%22,%22248494%22,%220.0-8.0-0.40%22,%22023%22,%22high%20school%22,%22%22,%22%22,%22%22,%22%22,%22943.5550000052899%22,%22%22,%22j%22,%22%22,%22%22,%22key%22,%22j%22,%2216.66668103448269%22,%22768%22,%22428%22,%22./img/Cir.png%22,%22%E5%9C%86%E5%BD%A2%22,%22j%22,%22true%22,%22%22,%22%22%0D%0A%22%22,%22psychophysics%22,%2274%22,%22250335%22,%220.0-8.0-0.41%22,%22023%22,%22high%20school%22,%22%22,%22%22,%22%22,%22%22,%22820.7199999596924%22,%22%22,%22j%22,%22%22,%22%22,%22key%22,%22j%22,%2216.66666055045869%22,%22768%22,%22428%22,%22./img/Cir.png%22,%22%E5%9C%86%E5%BD%A2%22,%22j%22,%22true%22,%22%22,%22%22%0D%0A%22%22,%22psychophysics%22,%2275%22,%22252119%22,%220.0-8.0-0.42%22,%22023%22,%22high%20school%22,%22%22,%22%22,%22%22,%22%22,%22763.6100000236183%22,%22%22,%22f%22,%22%22,%22%22,%22key%22,%22f%22,%2216.66681904761908%22,%22768%22,%22428%22,%22./img/Squ.png%22,%22%E4%B8%89%E8%A7%92%22,%22f%22,%22true%22,%22%22,%22%22%0D%0A%22%22,%22psychophysics%22,%2276%22,%22254037%22,%220.0-8.0-0.43%22,%22023%22,%22high%20school%22,%22%22,%22%22,%22%22,%22%22,%22900.239999871701%22,%22%22,%22j%22,%22%22,%22%22,%22key%22,%22j%22,%2216.666734513274466%22,%22768%22,%22428%22,%22./img/Tri.png%22,%22%E4%B8%89%E8%A7%92%22,%22j%22,%22true%22,%22%22,%22%22%0D%0A%22%22,%22psychophysics%22,%2277%22,%22255746%22,%220.0-8.0-0.44%22,%22023%22,%22high%20school%22,%22%22,%22%22,%22%22,%22%22,%22686.9099999312311%22,%22%22,%22f%22,%22%22,%22%22,%22key%22,%22f%22,%2216.666729999999806%22,%22768%22,%22428%22,%22./img/Cir.png%22,%22%E6%96%B9%E5%9D%97%22,%22f%22,%22true%22,%22%22,%22%22%0D%0A%22%22,%22psychophysics%22,%2278%22,%22257908%22,%220.0-8.0-0.45%22,%22023%22,%22high%20school%22,%22%22,%22%22,%22%22,%22%22,%221143.9900000113994%22,%22%22,%22f%22,%22%22,%22%22,%22key%22,%22f%22,%2216.666648437500044%22,%22768%22,%22428%22,%22./img/Tri.png%22,%22%E5%9C%86%E5%BD%A2%22,%22f%22,%22true%22,%22%22,%22%22%0D%0A%22%22,%22psychophysics%22,%2279%22,%22259579%22,%220.0-8.0-0.46%22,%22023%22,%22high%20school%22,%22%22,%22%22,%22%22,%22%22,%22648.9899998996407%22,%22%22,%22j%22,%22%22,%22%22,%22key%22,%22j%22,%2216.66667346938778%22,%22768%22,%22428%22,%22./img/Squ.png%22,%22%E6%96%B9%E5%9D%97%22,%22j%22,%22true%22,%22%22,%22%22%0D%0A%22%22,%22psychophysics%22,%2280%22,%22261352%22,%220.0-8.0-0.47%22,%22023%22,%22high%20school%22,%22%22,%22%22,%22%22,%22%22,%22754.5249999966472%22,%22%22,%22j%22,%22%22,%22%22,%22key%22,%22j%22,%2216.666780952380837%22,%22768%22,%22428%22,%22./img/Squ.png%22,%22%E6%96%B9%E5%9D%97%22,%22j%22,%22true%22,%22%22,%22%22%0D%0A%22%22,%22psychophysics%22,%2281%22,%22263335%22,%220.0-8.0-0.48%22,%22023%22,%22high%20school%22,%22%22,%22%22,%22%22,%22%22,%22964.1950000077486%22,%22%22,%22f%22,%22%22,%22%22,%22key%22,%22f%22,%2216.666700854700984%22,%22768%22,%22428%22,%22./img/Cir.png%22,%22%E6%96%B9%E5%9D%97%22,%22f%22,%22true%22,%22%22,%22%22%0D%0A%22%22,%22psychophysics%22,%2282%22,%22265286%22,%220.0-8.0-0.49%22,%22023%22,%22high%20school%22,%22%22,%22%22,%22%22,%22%22,%22926.2149999849498%22,%22%22,%22f%22,%22%22,%22%22,%22key%22,%22f%22,%2216.666626086956114%22,%22768%22,%22428%22,%22./img/Squ.png%22,%22%E4%B8%89%E8%A7%92%22,%22f%22,%22true%22,%22%22,%22%22%0D%0A%22%22,%22psychophysics%22,%2283%22,%22267284%22,%220.0-8.0-0.50%22,%22023%22,%22high%20school%22,%22%22,%22%22,%22%22,%22%22,%22975.065000122413%22,%22%22,%22j%22,%22%22,%22%22,%22key%22,%22j%22,%2216.666737288135494%22,%22768%22,%22428%22,%22./img/Tri.png%22,%22%E4%B8%89%E8%A7%92%22,%22j%22,%22true%22,%22%22,%22%22%0D%0A%22%22,%22psychophysics%22,%2284%22,%22269031%22,%220.0-8.0-0.51%22,%22023%22,%22high%20school%22,%22%22,%22%22,%22%22,%22%22,%22720.9499999880791%22,%22%22,%22f%22,%22%22,%22%22,%22key%22,%22f%22,%2216.666776699028702%22,%22768%22,%22428%22,%22./img/Cir.png%22,%22%E4%B8%89%E8%A7%92%22,%22f%22,%22true%22,%22%22,%22%22%0D%0A%22%22,%22psychophysics%22,%2285%22,%22270769%22,%220.0-8.0-0.52%22,%22023%22,%22high%20school%22,%22%22,%22%22,%22%22,%22%22,%22721.9549999572337%22,%22%22,%22j%22,%22%22,%22%22,%22key%22,%22j%22,%2216.666776699029267%22,%22768%22,%22428%22,%22./img/Tri.png%22,%22%E4%B8%89%E8%A7%92%22,%22j%22,%22true%22,%22%22,%22%22%0D%0A%22%22,%22psychophysics%22,%2286%22,%22272552%22,%220.0-8.0-0.53%22,%22023%22,%22high%20school%22,%22%22,%22%22,%22%22,%22%22,%22757.0849999319762%22,%22%22,%22j%22,%22%22,%22%22,%22key%22,%22j%22,%2216.66696190476207%22,%22768%22,%22428%22,%22./img/Squ.png%22,%22%E6%96%B9%E5%9D%97%22,%22j%22,%22true%22,%22%22,%22%22%0D%0A%22%22,%22psychophysics%22,%2287%22,%22274212%22,%220.0-8.0-0.54%22,%22023%22,%22high%20school%22,%22%22,%22%22,%22%22,%22%22,%22634.2899999581277%22,%22%22,%22j%22,%22%22,%22%22,%22key%22,%22j%22,%2216.666639175257625%22,%22768%22,%22428%22,%22./img/Squ.png%22,%22%E6%96%B9%E5%9D%97%22,%22j%22,%22true%22,%22%22,%22%22%0D%0A%22%22,%22psychophysics%22,%2288%22,%22276117%22,%220.0-8.0-0.55%22,%22023%22,%22high%20school%22,%22%22,%22%22,%22%22,%22%22,%22885.9449999872595%22,%22%22,%22j%22,%22%22,%22%22,%22key%22,%22j%22,%2216.666681415928874%22,%22768%22,%22428%22,%22./img/Cir.png%22,%22%E5%9C%86%E5%BD%A2%22,%22j%22,%22true%22,%22%22,%22%22%0D%0A%22%22,%22psychophysics%22,%2289%22,%22278419%22,%220.0-8.0-0.56%22,%22023%22,%22high%20school%22,%22%22,%22%22,%22%22,%22%22,%221281.345000024885%22,%22%22,%22f%22,%22%22,%22%22,%22key%22,%22f%22,%2216.66660294117644%22,%22768%22,%22428%22,%22./img/Tri.png%22,%22%E5%9C%86%E5%BD%A2%22,%22f%22,%22true%22,%22%22,%22%22%0D%0A%22%22,%22psychophysics%22,%2290%22,%22280412%22,%220.0-8.0-0.57%22,%22023%22,%22high%20school%22,%22%22,%22%22,%22%22,%22%22,%22965.0300000794232%22,%22%22,%22f%22,%22%22,%22%22,%22key%22,%22f%22,%2216.66686324786363%22,%22768%22,%22428%22,%22./img/Tri.png%22,%22%E6%96%B9%E5%9D%97%22,%22f%22,%22true%22,%22%22,%22%22%0D%0A%22%22,%22psychophysics%22,%2291%22,%22282222%22,%220.0-8.0-0.58%22,%22023%22,%22high%20school%22,%22%22,%22%22,%22%22,%22%22,%22791.3200000766665%22,%22%22,%22j%22,%22%22,%22%22,%22key%22,%22j%22,%2216.666710280373728%22,%22768%22,%22428%22,%22./img/Squ.png%22,%22%E5%9C%86%E5%BD%A2%22,%22f%22,%22false%22,%22%22,%22%22%0D%0A%22%22,%22psychophysics%22,%2292%22,%22283858%22,%220.0-8.0-0.59%22,%22023%22,%22high%20school%22,%22%22,%22%22,%22%22,%22%22,%22615.2749999891967%22,%22%22,%22j%22,%22%22,%22%22,%22key%22,%22j%22,%2216.66675000000032%22,%22768%22,%22428%22,%22./img/Cir.png%22,%22%E5%9C%86%E5%BD%A2%22,%22j%22,%22true%22,%22%22,%22%22%0D%0A%22%22,%22psychophysics%22,%2293%22,%22285512%22,%220.0-8.0-0.60%22,%22023%22,%22high%20school%22,%22%22,%22%22,%22%22,%22%22,%22632.0499998982996%22,%22%22,%22j%22,%22%22,%22%22,%22key%22,%22j%22,%2216.666835051546588%22,%22768%22,%22428%22,%22./img/Cir.png%22,%22%E5%9C%86%E5%BD%A2%22,%22j%22,%22true%22,%22%22,%22%22%0D%0A%22%22,%22psychophysics%22,%2294%22,%22287153%22,%220.0-8.0-0.61%22,%22023%22,%22high%20school%22,%22%22,%22%22,%22%22,%22%22,%22621.1500000208616%22,%22%22,%22f%22,%22%22,%22%22,%22key%22,%22f%22,%2216.666680412371186%22,%22768%22,%22428%22,%22./img/Tri.png%22,%22%E6%96%B9%E5%9D%97%22,%22f%22,%22true%22,%22%22,%22%22%0D%0A%22%22,%22psychophysics%22,%2295%22,%22289056%22,%220.0-8.0-0.62%22,%22023%22,%22high%20school%22,%22%22,%22%22,%22%22,%22%22,%22877.1249998826534%22,%22%22,%22j%22,%22%22,%22%22,%22key%22,%22j%22,%2216.666758928571653%22,%22768%22,%22428%22,%22./img/Cir.png%22,%22%E5%9C%86%E5%BD%A2%22,%22j%22,%22true%22,%22%22,%22%22%0D%0A%22%22,%22psychophysics%22,%2296%22,%22290705%22,%220.0-8.0-0.63%22,%22023%22,%22high%20school%22,%22%22,%22%22,%22%22,%22%22,%22619.0049999859184%22,%22%22,%22f%22,%22%22,%22%22,%22key%22,%22f%22,%2216.666639175257625%22,%22768%22,%22428%22,%22./img/Cir.png%22,%22%E6%96%B9%E5%9D%97%22,%22f%22,%22true%22,%22%22,%22%22%0D%0A%22%22,%22psychophysics%22,%2297%22,%22292382%22,%220.0-8.0-0.64%22,%22023%22,%22high%20school%22,%22%22,%22%22,%22%22,%22%22,%22652.2699999623001%22,%22%22,%22j%22,%22%22,%22%22,%22key%22,%22j%22,%2216.6666363636361%22,%22768%22,%22428%22,%22./img/Squ.png%22,%22%E6%96%B9%E5%9D%97%22,%22j%22,%22true%22,%22%22,%22%22%0D%0A%22%22,%22psychophysics%22,%2298%22,%22294006%22,%220.0-8.0-0.65%22,%22023%22,%22high%20school%22,%22%22,%22%22,%22%22,%22%22,%22605.0100000575185%22,%22%22,%22j%22,%22%22,%22%22,%22key%22,%22j%22,%2216.666697916666937%22,%22768%22,%22428%22,%22./img/Tri.png%22,%22%E4%B8%89%E8%A7%92%22,%22j%22,%22true%22,%22%22,%22%22%0D%0A%22%22,%22psychophysics%22,%2299%22,%22295718%22,%220.0-8.0-0.66%22,%22023%22,%22high%20school%22,%22%22,%22%22,%22%22,%22%22,%22687.5399998389184%22,%22%22,%22f%22,%22%22,%22%22,%22key%22,%22f%22,%2216.666831683168663%22,%22768%22,%22428%22,%22./img/Squ.png%22,%22%E5%9C%86%E5%BD%A2%22,%22f%22,%22true%22,%22%22,%22%22%0D%0A%22%22,%22psychophysics%22,%22100%22,%22297512%22,%220.0-8.0-0.67%22,%22023%22,%22high%20school%22,%22%22,%22%22,%22%22,%22%22,%22772.740000160411%22,%22%22,%22f%22,%22%22,%22%22,%22key%22,%22f%22,%2216.666733333333728%22,%22768%22,%22428%22,%22./img/Squ.png%22,%22%E4%B8%89%E8%A7%92%22,%22f%22,%22true%22,%22%22,%22%22%0D%0A%22%22,%22psychophysics%22,%22101%22,%22299443%22,%220.0-8.0-0.68%22,%22023%22,%22high%20school%22,%22%22,%22%22,%22%22,%22%22,%22912.1449999511242%22,%22%22,%22j%22,%22%22,%22%22,%22key%22,%22j%22,%2216.814212389380476%22,%22768%22,%22428%22,%22./img/Tri.png%22,%22%E4%B8%89%E8%A7%92%22,%22j%22,%22true%22,%22%22,%22%22%0D%0A%22%22,%22psychophysics%22,%22102%22,%22301104%22,%220.0-8.0-0.69%22,%22023%22,%22high%20school%22,%22%22,%22%22,%22%22,%22%22,%22635.3649999946356%22,%22%22,%22f%22,%22%22,%22%22,%22key%22,%22f%22,%2216.66680612244907%22,%22768%22,%22428%22,%22./img/Tri.png%22,%22%E5%9C%86%E5%BD%A2%22,%22f%22,%22true%22,%22%22,%22%22%0D%0A%22%22,%22psychophysics%22,%22103%22,%22302994%22,%220.0-8.0-0.70%22,%22023%22,%22high%20school%22,%22%22,%22%22,%22%22,%22%22,%22866.0800000652671%22,%22%22,%22f%22,%22%22,%22%22,%22key%22,%22f%22,%2216.666630630630493%22,%22768%22,%22428%22,%22./img/Cir.png%22,%22%E4%B8%89%E8%A7%92%22,%22f%22,%22true%22,%22%22,%22%22%0D%0A%22%22,%22psychophysics%22,%22104%22,%22304736%22,%220.0-8.0-0.71%22,%22023%22,%22high%20school%22,%22%22,%22%22,%22%22,%22%22,%22724.0849998779595%22,%22%22,%22j%22,%22%22,%22%22,%22key%22,%22j%22,%2216.666689320388294%22,%22768%22,%22428%22,%22./img/Squ.png%22,%22%E6%96%B9%E5%9D%97%22,%22j%22,%22true%22,%22%22,%22%22%0D%0A%22%22,%22html-keyboard-response%22,%22105%22,%22309648%22,%220.0-9.0%22,%22023%22,%22high%20school%22,%22%22,%22%22,%22%22,%22%22,%224889.179999940097%22,%22%3Cstyle%3E.context%7Bcolor:white;%20font-size:%2030px;%7D%3C/style%3E%20%20%20%20%20%20%20%20%20%20%20%20%20%20%20%20%20%20%20%20%20%20%20%20%20%20%20%20%3Cdiv%3E%3Cp%20class='context'%3E%E4%BD%A0%E6%AD%A3%E7%A1%AE%E5%9B%9E%E7%AD%94%E4%BA%8686%25%20%E7%9A%84%E8%AF%95%E6%AC%A1%E3%80%82%3C/p%3E%3Cp%20class='context'%3E%E4%BD%A0%E7%9A%84%E5%B9%B3%E5%9D%87%E5%8F%8D%E5%BA%94%E6%97%B6%E4%B8%BA850%E6%AF%AB%E7%A7%92%E3%80%82%3C/p%3E%3Cp%20class='context'%3E%E8%AF%B7%E6%8C%89%E4%BB%BB%E6%84%8F%E9%94%AE%E8%BF%9B%E5%85%A5%E4%BC%91%E6%81%AF%3C/p%3E%3C/div%3E%22,%22%20%22,%22%22,%22%22,%22%22,%22%22,%22%22,%22%22,%22%22,%22%22,%22%22,%22%22,%22%22,%22%22,%22%22%0D%0A%22%22,%22html-button-response%22,%22106%22,%22360387%22,%220.0-10.0%22,%22023%22,%22high%20school%22,%22%22,%22%22,%22%22,%22%22,%2250718.92499993555%22,%22%0A%20%20%20%20%20%20%20%20%20%20%20%20%20%20%20%20%20%20%20%20%3Cp%3E%E4%BD%A0%E5%BD%93%E5%89%8D%E8%BF%98%E5%89%A9%E4%BD%992%E7%BB%84%E5%AE%9E%E9%AA%8C%3C/p%3E%0A%20%20%20%20%20%20%20%20%20%20%20%20%20%20%20%20%20%20%20%20%3Cp%3E%E7%8E%B0%E5%9C%A8%E6%98%AF%E4%BC%91%E6%81%AF%E6%97%B6%E9%97%B4%EF%BC%8C%E5%BD%93%E4%BD%A0%E7%BB%93%E6%9D%9F%E4%BC%91%E6%81%AF%E5%90%8E%EF%BC%8C%E4%BD%A0%E5%8F%AF%E4%BB%A5%E7%82%B9%E5%87%BB%20%E7%BB%93%E6%9D%9F%E4%BC%91%E6%81%AF%20%E6%8C%89%E9%92%AE%20%E7%BB%A7%E7%BB%AD%3C/p%3E%0A%20%20%20%20%20%20%20%20%20%20%20%20%20%20%20%20%20%20%20%20%3Cp%3E%E5%BB%BA%E8%AE%AE%E4%BC%91%E6%81%AF%E6%97%B6%E9%97%B4%E8%BF%98%E5%89%A9%E4%BD%99%3Cspan%20id=%22%22iii%22%22%3E60%3C/span%3E%E7%A7%92%3C/p%3E%22,%220%22,%22%22,%22%22,%22%22,%22%22,%22%22,%22%22,%22%22,%22%22,%22%22,%22%22,%22%22,%22%22,%22%22%0D%0A%22%22,%22psychophysics%22,%22107%22,%22362916%22,%220.0-11.0-0.0-0.0%22,%22023%22,%22high%20school%22,%22%22,%22%22,%22%22,%22%22,%22null%22,%22%22,%22null%22,%22%22,%22%22,%22key%22,%22null%22,%2216.666786666666933%22,%22768%22,%22428%22,%22./img/Tri.png%22,%22%E4%B8%89%E8%A7%92%22,%22j%22,%22false%22,%22%22,%22%22%0D%0A%22%22,%22psychophysics%22,%22108%22,%22364682%22,%220.0-11.0-0.0-0.1%22,%22023%22,%22high%20school%22,%22%22,%22%22,%22%22,%22%22,%22748.3050001319498%22,%22%22,%22f%22,%22%22,%22%22,%22key%22,%22f%22,%2216.666855769230796%22,%22768%22,%22428%22,%22./img/Squ.png%22,%22%E5%9C%86%E5%BD%A2%22,%22f%22,%22true%22,%22%22,%22%22%0D%0A%22%22,%22psychophysics%22,%22109%22,%22366346%22,%220.0-11.0-0.0-0.2%22,%22023%22,%22high%20school%22,%22%22,%22%22,%22%22,%22%22,%22639.1000000294298%22,%22%22,%22j%22,%22%22,%22%22,%22key%22,%22j%22,%2216.66655102040861%22,%22768%22,%22428%22,%22./img/Tri.png%22,%22%E4%B8%89%E8%A7%92%22,%22j%22,%22true%22,%22%22,%22%22%0D%0A%22%22,%22psychophysics%22,%22110%22,%22368104%22,%220.0-11.0-0.0-0.3%22,%22023%22,%22high%20school%22,%22%22,%22%22,%22%22,%22%22,%22734.3900001142174%22,%22%22,%22j%22,%22%22,%22%22,%22key%22,%22j%22,%2216.666682692307894%22,%22768%22,%22428%22,%22./img/Cir.png%22,%22%E5%9C%86%E5%BD%A2%22,%22j%22,%22true%22,%22%22,%22%22%0D%0A%22%22,%22psychophysics%22,%22111%22,%22369916%22,%220.0-11.0-0.0-0.4%22,%22023%22,%22high%20school%22,%22%22,%22%22,%22%22,%22%22,%22789.1999999992549%22,%22%22,%22f%22,%22%22,%22%22,%22key%22,%22f%22,%2216.666669811320904%22,%22768%22,%22428%22,%22./img/Tri.png%22,%22%E6%96%B9%E5%9D%97%22,%22f%22,%22true%22,%22%22,%22%22%0D%0A%22%22,%22psychophysics%22,%22112%22,%22371663%22,%220.0-11.0-0.0-0.5%22,%22023%22,%22high%20school%22,%22%22,%22%22,%22%22,%22%22,%22730.6249998509884%22,%22%22,%22j%22,%22%22,%22%22,%22key%22,%22j%22,%2216.666611650485084%22,%22768%22,%22428%22,%22./img/Cir.png%22,%22%E5%9C%86%E5%BD%A2%22,%22j%22,%22true%22,%22%22,%22%22%0D%0A%22%22,%22psychophysics%22,%22113%22,%22373386%22,%220.0-11.0-0.0-0.6%22,%22023%22,%22high%20school%22,%22%22,%22%22,%22%22,%22%22,%22700.3300001379102%22,%22%22,%22f%22,%22%22,%22%22,%22key%22,%22f%22,%2216.666764705882443%22,%22768%22,%22428%22,%22./img/Squ.png%22,%22%E4%B8%89%E8%A7%92%22,%22f%22,%22true%22,%22%22,%22%22%0D%0A%22%22,%22psychophysics%22,%22114%22,%22375026%22,%220.0-11.0-0.0-0.7%22,%22023%22,%22high%20school%22,%22%22,%22%22,%22%22,%22%22,%22609.690000070259%22,%22%22,%22j%22,%22%22,%22%22,%22key%22,%22j%22,%2216.666697916666937%22,%22768%22,%22428%22,%22./img/Squ.png%22,%22%E6%96%B9%E5%9D%97%22,%22j%22,%22true%22,%22%22,%22%22%0D%0A%22%22,%22psychophysics%22,%22115%22,%22376836%22,%220.0-11.0-0.0-0.8%22,%22023%22,%22high%20school%22,%22%22,%22%22,%22%22,%22%22,%22788.3649999275804%22,%22%22,%22f%22,%22%22,%22%22,%22key%22,%22f%22,%2216.66676635514057%22,%22768%22,%22428%22,%22./img/Tri.png%22,%22%E5%9C%86%E5%BD%A2%22,%22f%22,%22true%22,%22%22,%22%22%0D%0A%22%22,%22psychophysics%22,%22116%22,%22378565%22,%220.0-11.0-0.0-0.9%22,%22023%22,%22high%20school%22,%22%22,%22%22,%22%22,%22%22,%22709.9349999334663%22,%22%22,%22j%22,%22%22,%22%22,%22key%22,%22j%22,%2216.666742574257572%22,%22768%22,%22428%22,%22./img/Squ.png%22,%22%E6%96%B9%E5%9D%97%22,%22j%22,%22true%22,%22%22,%22%22%0D%0A%22%22,%22psychophysics%22,%22117%22,%22380241%22,%220.0-11.0-0.0-0.10%22,%22023%22,%22high%20school%22,%22%22,%22%22,%22%22,%22%22,%22656.8100000731647%22,%22%22,%22f%22,%22%22,%22%22,%22key%22,%22f%22,%2216.66667676767666%22,%22768%22,%22428%22,%22./img/Cir.png%22,%22%E4%B8%89%E8%A7%92%22,%22f%22,%22true%22,%22%22,%22%22%0D%0A%22%22,%22psychophysics%22,%22118%22,%22381993%22,%220.0-11.0-0.0-0.11%22,%22023%22,%22high%20school%22,%22%22,%22%22,%22%22,%22%22,%22728.025000076741%22,%22%22,%22f%22,%22%22,%22%22,%22key%22,%22f%22,%2216.666679611650537%22,%22768%22,%22428%22,%22./img/Cir.png%22,%22%E6%96%B9%E5%9D%97%22,%22f%22,%22true%22,%22%22,%22%22%0D%0A%22%22,%22psychophysics%22,%22119%22,%22383653%22,%220.0-11.0-0.0-0.12%22,%22023%22,%22high%20school%22,%22%22,%22%22,%22%22,%22%22,%22633.4900001529604%22,%22%22,%22f%22,%22%22,%22%22,%22key%22,%22f%22,%2216.666653061224437%22,%22768%22,%22428%22,%22./img/Squ.png%22,%22%E4%B8%89%E8%A7%92%22,%22f%22,%22true%22,%22%22,%22%22%0D%0A%22%22,%22psychophysics%22,%22120%22,%22385418%22,%220.0-11.0-0.0-0.13%22,%22023%22,%22high%20school%22,%22%22,%22%22,%22%22,%22%22,%22736.9550000876188%22,%22%22,%22f%22,%22%22,%22%22,%22key%22,%22f%22,%2216.666682692307894%22,%22768%22,%22428%22,%22./img/Tri.png%22,%22%E6%96%B9%E5%9D%97%22,%22f%22,%22true%22,%22%22,%22%22%0D%0A%22%22,%22psychophysics%22,%22121%22,%22387146%22,%220.0-11.0-0.0-0.14%22,%22023%22,%22high%20school%22,%22%22,%22%22,%22%22,%22%22,%22707.6050001196563%22,%22%22,%22j%22,%22%22,%22%22,%22key%22,%22j%22,%2216.6668118811881%22,%22768%22,%22428%22,%22./img/Squ.png%22,%22%E6%96%B9%E5%9D%97%22,%22j%22,%22true%22,%22%22,%22%22%0D%0A%22%22,%22psychophysics%22,%22122%22,%22388800%22,%220.0-11.0-0.0-0.15%22,%22023%22,%22high%20school%22,%22%22,%22%22,%22%22,%22%22,%22633.075000019744%22,%22%22,%22j%22,%22%22,%22%22,%22key%22,%22j%22,%2216.84033333333294%22,%22768%22,%22428%22,%22./img/Squ.png%22,%22%E6%96%B9%E5%9D%97%22,%22j%22,%22true%22,%22%22,%22%22%0D%0A%22%22,%22psychophysics%22,%22123%22,%22390602%22,%220.0-11.0-0.0-0.16%22,%22023%22,%22high%20school%22,%22%22,%22%22,%22%22,%22%22,%22769.9050002265722%22,%22%22,%22f%22,%22%22,%22%22,%22key%22,%22f%22,%2216.82394339622686%22,%22768%22,%22428%22,%22./img/Squ.png%22,%22%E5%9C%86%E5%BD%A2%22,%22f%22,%22true%22,%22%22,%22%22%0D%0A%22%22,%22psychophysics%22,%22124%22,%22392294%22,%220.0-11.0-0.0-0.17%22,%22023%22,%22high%20school%22,%22%22,%22%22,%22%22,%22%22,%22670.6650000996888%22,%22%22,%22f%22,%22%22,%22%22,%22key%22,%22f%22,%2216.66667676767666%22,%22768%22,%22428%22,%22./img/Cir.png%22,%22%E4%B8%89%E8%A7%92%22,%22f%22,%22true%22,%22%22,%22%22%0D%0A%22%22,%22psychophysics%22,%22125%22,%22394026%22,%220.0-11.0-0.0-0.18%22,%22023%22,%22high%20school%22,%22%22,%22%22,%22%22,%22%22,%22708.4099999628961%22,%22%22,%22j%22,%22%22,%22%22,%22key%22,%22j%22,%2216.666784313725373%22,%22768%22,%22428%22,%22./img/Tri.png%22,%22%E4%B8%89%E8%A7%92%22,%22j%22,%22true%22,%22%22,%22%22%0D%0A%22%22,%22psychophysics%22,%22126%22,%22395739%22,%220.0-11.0-0.0-0.19%22,%22023%22,%22high%20school%22,%22%22,%22%22,%22%22,%22%22,%22689.6100000012666%22,%22%22,%22j%22,%22%22,%22%22,%22key%22,%22j%22,%2216.666663366337055%22,%22768%22,%22428%22,%22./img/Tri.png%22,%22%E4%B8%89%E8%A7%92%22,%22j%22,%22true%22,%22%22,%22%22%0D%0A%22%22,%22psychophysics%22,%22127%22,%22397744%22,%220.0-11.0-0.0-0.20%22,%22023%22,%22high%20school%22,%22%22,%22%22,%22%22,%22%22,%22987.0800001081079%22,%22%22,%22j%22,%22%22,%22%22,%22key%22,%22j%22,%2216.66670338983028%22,%22768%22,%22428%22,%22./img/Cir.png%22,%22%E6%96%B9%E5%9D%97%22,%22f%22,%22false%22,%22%22,%22%22%0D%0A%22%22,%22psychophysics%22,%22128%22,%22399493%22,%220.0-11.0-0.0-0.21%22,%22023%22,%22high%20school%22,%22%22,%22%22,%22%22,%22%22,%22726.8600000534207%22,%22%22,%22j%22,%22%22,%22%22,%22key%22,%22j%22,%2216.830127450980488%22,%22768%22,%22428%22,%22./img/Cir.png%22,%22%E5%9C%86%E5%BD%A2%22,%22j%22,%22true%22,%22%22,%22%22%0D%0A%22%22,%22psychophysics%22,%22129%22,%22401212%22,%220.0-11.0-0.0-0.22%22,%22023%22,%22high%20school%22,%22%22,%22%22,%22%22,%22%22,%22696.6350001748651%22,%22%22,%22j%22,%22%22,%22%22,%22key%22,%22j%22,%2216.666712871287018%22,%22768%22,%22428%22,%22./img/Cir.png%22,%22%E5%9C%86%E5%BD%A2%22,%22j%22,%22true%22,%22%22,%22%22%0D%0A%22%22,%22psychophysics%22,%22130%22,%22403255%22,%220.0-11.0-0.0-0.23%22,%22023%22,%22high%20school%22,%22%22,%22%22,%22%22,%22%22,%221020.8850000053644%22,%22%22,%22f%22,%22%22,%22%22,%22key%22,%22f%22,%2216.666719008264543%22,%22768%22,%22428%22,%22./img/Tri.png%22,%22%E5%9C%86%E5%BD%A2%22,%22f%22,%22true%22,%22%22,%22%22%0D%0A%22%22,%22psychophysics%22,%22131%22,%22405000%22,%220.0-11.0-0.0-0.24%22,%22023%22,%22high%20school%22,%22%22,%22%22,%22%22,%22%22,%22723.5649998765439%22,%22%22,%22j%22,%22%22,%22%22,%22key%22,%22j%22,%2216.666572815534042%22,%22768%22,%22428%22,%22./img/Squ.png%22,%22%E6%96%B9%E5%9D%97%22,%22j%22,%22true%22,%22%22,%22%22%0D%0A%22%22,%22psychophysics%22,%22132%22,%22406692%22,%220.0-11.0-0.0-0.25%22,%22023%22,%22high%20school%22,%22%22,%22%22,%22%22,%22%22,%22673.160000005737%22,%22%22,%22j%22,%22%22,%22%22,%22key%22,%22j%22,%2216.666750000000466%22,%22768%22,%22428%22,%22./img/Tri.png%22,%22%E4%B8%89%E8%A7%92%22,%22j%22,%22true%22,%22%22,%22%22%0D%0A%22%22,%22psychophysics%22,%22133%22,%22408402%22,%220.0-11.0-0.0-0.26%22,%22023%22,%22high%20school%22,%22%22,%22%22,%22%22,%22%22,%22686.4700000733137%22,%22%22,%22f%22,%22%22,%22%22,%22key%22,%22f%22,%2216.66677227722755%22,%22768%22,%22428%22,%22./img/Squ.png%22,%22%E5%9C%86%E5%BD%A2%22,%22f%22,%22true%22,%22%22,%22%22%0D%0A%22%22,%22psychophysics%22,%22134%22,%22410772%22,%220.0-11.0-0.0-0.27%22,%22023%22,%22high%20school%22,%22%22,%22%22,%22%22,%22%22,%221354.140000184998%22,%22%22,%22j%22,%22%22,%22%22,%22key%22,%22j%22,%2216.66682857142836%22,%22768%22,%22428%22,%22./img/Cir.png%22,%22%E5%9C%86%E5%BD%A2%22,%22j%22,%22true%22,%22%22,%22%22%0D%0A%22%22,%22psychophysics%22,%22135%22,%22413159%22,%220.0-11.0-0.0-0.28%22,%22023%22,%22high%20school%22,%22%22,%22%22,%22%22,%22%22,%221361.8650001008064%22,%22%22,%22f%22,%22%22,%22%22,%22key%22,%22f%22,%2216.666631205673728%22,%22768%22,%22428%22,%22./img/Tri.png%22,%22%E5%9C%86%E5%BD%A2%22,%22f%22,%22true%22,%22%22,%22%22%0D%0A%22%22,%22psychophysics%22,%22136%22,%22414803%22,%220.0-11.0-0.0-0.29%22,%22023%22,%22high%20school%22,%22%22,%22%22,%22%22,%22%22,%22624.9000001698732%22,%22%22,%22j%22,%22%22,%22%22,%22key%22,%22j%22,%2216.666701030927666%22,%22768%22,%22428%22,%22./img/Squ.png%22,%22%E6%96%B9%E5%9D%97%22,%22j%22,%22true%22,%22%22,%22%22%0D%0A%22%22,%22psychophysics%22,%22137%22,%22416523%22,%220.0-11.0-0.0-0.30%22,%22023%22,%22high%20school%22,%22%22,%22%22,%22%22,%22%22,%22691.0149999894202%22,%22%22,%22f%22,%22%22,%22%22,%22key%22,%22f%22,%2216.66668316831704%22,%22768%22,%22428%22,%22./img/Squ.png%22,%22%E4%B8%89%E8%A7%92%22,%22f%22,%22true%22,%22%22,%22%22%0D%0A%22%22,%22psychophysics%22,%22138%22,%22418335%22,%220.0-11.0-0.0-0.31%22,%22023%22,%22high%20school%22,%22%22,%22%22,%22%22,%22%22,%22785.56999983266%22,%22%22,%22j%22,%22%22,%22%22,%22key%22,%22j%22,%2216.66668224299085%22,%22768%22,%22428%22,%22./img/Tri.png%22,%22%E4%B8%89%E8%A7%92%22,%22j%22,%22true%22,%22%22,%22%22%0D%0A%22%22,%22psychophysics%22,%22139%22,%22420172%22,%220.0-11.0-0.0-0.32%22,%22023%22,%22high%20school%22,%22%22,%22%22,%22%22,%22%22,%22813.1500000599772%22,%22%22,%22f%22,%22%22,%22%22,%22key%22,%22f%22,%2216.666703703703845%22,%22768%22,%22428%22,%22./img/Cir.png%22,%22%E4%B8%89%E8%A7%92%22,%22f%22,%22true%22,%22%22,%22%22%0D%0A%22%22,%22psychophysics%22,%22140%22,%22422052%22,%220.0-11.0-0.0-0.33%22,%22023%22,%22high%20school%22,%22%22,%22%22,%22%22,%22%22,%22860.9050000086427%22,%22%22,%22f%22,%22%22,%22%22,%22key%22,%22f%22,%2216.666675675676103%22,%22768%22,%22428%22,%22./img/Cir.png%22,%22%E6%96%B9%E5%9D%97%22,%22f%22,%22true%22,%22%22,%22%22%0D%0A%22%22,%22psychophysics%22,%22141%22,%22424578%22,%220.0-11.0-0.0-0.34%22,%22023%22,%22high%20school%22,%22%22,%22%22,%22%22,%22%22,%22null%22,%22%22,%22null%22,%22%22,%22%22,%22key%22,%22null%22,%2216.666726666666413%22,%22768%22,%22428%22,%22./img/Cir.png%22,%22%E5%9C%86%E5%BD%A2%22,%22j%22,%22false%22,%22%22,%22%22%0D%0A%22%22,%22psychophysics%22,%22142%22,%22426211%22,%220.0-11.0-0.0-0.35%22,%22023%22,%22high%20school%22,%22%22,%22%22,%22%22,%22%22,%22608.2949999254197%22,%22%22,%22f%22,%22%22,%22%22,%22key%22,%22f%22,%2216.666731958762988%22,%22768%22,%22428%22,%22./img/Tri.png%22,%22%E6%96%B9%E5%9D%97%22,%22f%22,%22true%22,%22%22,%22%22%0D%0A%22%22,%22psychophysics%22,%22143%22,%22427901%22,%220.0-11.0-0.0-0.36%22,%22023%22,%22high%20school%22,%22%22,%22%22,%22%22,%22%22,%22671.2899999693036%22,%22%22,%22f%22,%22%22,%22%22,%22key%22,%22f%22,%2216.666680000000053%22,%22768%22,%22428%22,%22./img/Cir.png%22,%22%E4%B8%89%E8%A7%92%22,%22f%22,%22true%22,%22%22,%22%22%0D%0A%22%22,%22psychophysics%22,%22144%22,%22429547%22,%220.0-11.0-0.0-0.37%22,%22023%22,%22high%20school%22,%22%22,%22%22,%22%22,%22%22,%22624.9899999238551%22,%22%22,%22f%22,%22%22,%22%22,%22key%22,%22f%22,%2216.666731958762988%22,%22768%22,%22428%22,%22./img/Squ.png%22,%22%E4%B8%89%E8%A7%92%22,%22f%22,%22true%22,%22%22,%22%22%0D%0A%22%22,%22psychophysics%22,%22145%22,%22431505%22,%220.0-11.0-0.0-0.38%22,%22023%22,%22high%20school%22,%22%22,%22%22,%22%22,%22%22,%22933.4599999710917%22,%22%22,%22f%22,%22%22,%22%22,%22key%22,%22f%22,%2216.66673913043468%22,%22768%22,%22428%22,%22./img/Cir.png%22,%22%E6%96%B9%E5%9D%97%22,%22f%22,%22true%22,%22%22,%22%22%0D%0A%22%22,%22psychophysics%22,%22146%22,%22433162%22,%220.0-11.0-0.0-0.39%22,%22023%22,%22high%20school%22,%22%22,%22%22,%22%22,%22%22,%22639.6699999459088%22,%22%22,%22f%22,%22%22,%22%22,%22key%22,%22f%22,%2216.666765306122382%22,%22768%22,%22428%22,%22./img/Tri.png%22,%22%E6%96%B9%E5%9D%97%22,%22f%22,%22true%22,%22%22,%22%22%0D%0A%22%22,%22psychophysics%22,%22147%22,%22434903%22,%220.0-11.0-0.0-0.40%22,%22023%22,%22high%20school%22,%22%22,%22%22,%22%22,%22%22,%22721.1250001564622%22,%22%22,%22j%22,%22%22,%22%22,%22key%22,%22j%22,%2216.666813725490332%22,%22768%22,%22428%22,%22./img/Tri.png%22,%22%E4%B8%89%E8%A7%92%22,%22j%22,%22true%22,%22%22,%22%22%0D%0A%22%22,%22psychophysics%22,%22148%22,%22436663%22,%220.0-11.0-0.0-0.41%22,%22023%22,%22high%20school%22,%22%22,%22%22,%22%22,%22%22,%22735.785000026226%22,%22%22,%22j%22,%22%22,%22%22,%22key%22,%22j%22,%2216.66671153846199%22,%22768%22,%22428%22,%22./img/Squ.png%22,%22%E6%96%B9%E5%9D%97%22,%22j%22,%22true%22,%22%22,%22%22%0D%0A%22%22,%22psychophysics%22,%22149%22,%22438305%22,%220.0-11.0-0.0-0.42%22,%22023%22,%22high%20school%22,%22%22,%22%22,%22%22,%22%22,%22625.484999967739%22,%22%22,%22j%22,%22%22,%22%22,%22key%22,%22j%22,%2216.666625000000447%22,%22768%22,%22428%22,%22./img/Squ.png%22,%22%E6%96%B9%E5%9D%97%22,%22j%22,%22true%22,%22%22,%22%22%0D%0A%22%22,%22psychophysics%22,%22150%22,%22439881%22,%220.0-11.0-0.0-0.43%22,%22023%22,%22high%20school%22,%22%22,%22%22,%22%22,%22%22,%22551.9149999599904%22,%22%22,%22f%22,%22%22,%22%22,%22key%22,%22f%22,%2216.666774193548488%22,%22768%22,%22428%22,%22./img/Squ.png%22,%22%E5%9C%86%E5%BD%A2%22,%22f%22,%22true%22,%22%22,%22%22%0D%0A%22%22,%22psychophysics%22,%22151%22,%22441621%22,%220.0-11.0-0.0-0.44%22,%22023%22,%22high%20school%22,%22%22,%22%22,%22%22,%22%22,%22717.2749999444932%22,%22%22,%22j%22,%22%22,%22%22,%22key%22,%22j%22,%2216.66662745098024%22,%22768%22,%22428%22,%22./img/Tri.png%22,%22%E4%B8%89%E8%A7%92%22,%22j%22,%22true%22,%22%22,%22%22%0D%0A%22%22,%22psychophysics%22,%22152%22,%22443595%22,%220.0-11.0-0.0-0.45%22,%22023%22,%22high%20school%22,%22%22,%22%22,%22%22,%22%22,%22951.9400000572205%22,%22%22,%22j%22,%22%22,%22%22,%22key%22,%22j%22,%2216.66674358974376%22,%22768%22,%22428%22,%22./img/Cir.png%22,%22%E5%9C%86%E5%BD%A2%22,%22j%22,%22true%22,%22%22,%22%22%0D%0A%22%22,%22psychophysics%22,%22153%22,%22445164%22,%220.0-11.0-0.0-0.46%22,%22023%22,%22high%20school%22,%22%22,%22%22,%22%22,%22%22,%22550.2500000875443%22,%22%22,%22j%22,%22%22,%22%22,%22key%22,%22j%22,%2216.66668817204278%22,%22768%22,%22428%22,%22./img/Cir.png%22,%22%E5%9C%86%E5%BD%A2%22,%22j%22,%22true%22,%22%22,%22%22%0D%0A%22%22,%22psychophysics%22,%22154%22,%22447688%22,%220.0-11.0-0.0-0.47%22,%22023%22,%22high%20school%22,%22%22,%22%22,%22%22,%22%22,%22null%22,%22%22,%22null%22,%22%22,%22%22,%22key%22,%22null%22,%2216.666664429530094%22,%22768%22,%22428%22,%22./img/Tri.png%22,%22%E5%9C%86%E5%BD%A2%22,%22f%22,%22false%22,%22%22,%22%22%0D%0A%22%22,%22psychophysics%22,%22155%22,%22450003%22,%220.0-11.0-0.0-0.48%22,%22023%22,%22high%20school%22,%22%22,%22%22,%22%22,%22%22,%221296.5349999722093%22,%22%22,%22j%22,%22%22,%22%22,%22key%22,%22j%22,%2216.666708029196922%22,%22768%22,%22428%22,%22./img/Squ.png%22,%22%E6%96%B9%E5%9D%97%22,%22j%22,%22true%22,%22%22,%22%22%0D%0A%22%22,%22psychophysics%22,%22156%22,%22451691%22,%220.0-11.0-0.0-0.49%22,%22023%22,%22high%20school%22,%22%22,%22%22,%22%22,%22%22,%22664.7149999625981%22,%22%22,%22j%22,%22%22,%22%22,%22key%22,%22j%22,%2216.666858585858883%22,%22768%22,%22428%22,%22./img/Squ.png%22,%22%E6%96%B9%E5%9D%97%22,%22j%22,%22true%22,%22%22,%22%22%0D%0A%22%22,%22psychophysics%22,%22157%22,%22453442%22,%220.0-11.0-0.0-0.50%22,%22023%22,%22high%20school%22,%22%22,%22%22,%22%22,%22%22,%22731.6199999768287%22,%22%22,%22f%22,%22%22,%22%22,%22key%22,%22f%22,%2216.666699029126054%22,%22768%22,%22428%22,%22./img/Cir.png%22,%22%E6%96%B9%E5%9D%97%22,%22f%22,%22true%22,%22%22,%22%22%0D%0A%22%22,%22psychophysics%22,%22158%22,%22455971%22,%220.0-11.0-0.0-0.51%22,%22023%22,%22high%20school%22,%22%22,%22%22,%22%22,%22%22,%22null%22,%22%22,%22null%22,%22%22,%22%22,%22key%22,%22null%22,%2216.666706666666627%22,%22768%22,%22428%22,%22./img/Squ.png%22,%22%E5%9C%86%E5%BD%A2%22,%22f%22,%22false%22,%22%22,%22%22%0D%0A%22%22,%22psychophysics%22,%22159%22,%22457798%22,%220.0-11.0-0.0-0.52%22,%22023%22,%22high%20school%22,%22%22,%22%22,%22%22,%22%22,%22805.4100000299513%22,%22%22,%22f%22,%22%22,%22%22,%22key%22,%22f%22,%2216.666685185185525%22,%22768%22,%22428%22,%22./img/Cir.png%22,%22%E4%B8%89%E8%A7%92%22,%22f%22,%22true%22,%22%22,%22%22%0D%0A%22%22,%22psychophysics%22,%22160%22,%22460174%22,%220.0-11.0-0.0-0.53%22,%22023%22,%22high%20school%22,%22%22,%22%22,%22%22,%22%22,%221347.7050000801682%22,%22%22,%22j%22,%22%22,%22%22,%22key%22,%22j%22,%2216.666721428571535%22,%22768%22,%22428%22,%22./img/Cir.png%22,%22%E5%9C%86%E5%BD%A2%22,%22j%22,%22true%22,%22%22,%22%22%0D%0A%22%22,%22psychophysics%22,%22161%22,%22461935%22,%220.0-11.0-0.0-0.54%22,%22023%22,%22high%20school%22,%22%22,%22%22,%22%22,%22%22,%22741.3300001062453%22,%22%22,%22f%22,%22%22,%22%22,%22key%22,%22f%22,%2216.666721153846503%22,%22768%22,%22428%22,%22./img/Squ.png%22,%22%E4%B8%89%E8%A7%92%22,%22f%22,%22true%22,%22%22,%22%22%0D%0A%22%22,%22psychophysics%22,%22162%22,%22463787%22,%220.0-11.0-0.0-0.55%22,%22023%22,%22high%20school%22,%22%22,%22%22,%22%22,%22%22,%22827.5250000879169%22,%22%22,%22j%22,%22%22,%22%22,%22key%22,%22j%22,%2216.666706422018635%22,%22768%22,%22428%22,%22./img/Cir.png%22,%22%E5%9C%86%E5%BD%A2%22,%22j%22,%22true%22,%22%22,%22%22%0D%0A%22%22,%22psychophysics%22,%22163%22,%22465654%22,%220.0-11.0-0.0-0.56%22,%22023%22,%22high%20school%22,%22%22,%22%22,%22%22,%22%22,%22842.8050000220537%22,%22%22,%22f%22,%22%22,%22%22,%22key%22,%22f%22,%2216.666699999999995%22,%22768%22,%22428%22,%22./img/Tri.png%22,%22%E5%9C%86%E5%BD%A2%22,%22f%22,%22true%22,%22%22,%22%22%0D%0A%22%22,%22psychophysics%22,%22164%22,%22467462%22,%220.0-11.0-0.0-0.57%22,%22023%22,%22high%20school%22,%22%22,%22%22,%22%22,%22%22,%22783.1349999178201%22,%22%22,%22f%22,%22%22,%22%22,%22key%22,%22f%22,%2216.666738317756604%22,%22768%22,%22428%22,%22./img/Tri.png%22,%22%E6%96%B9%E5%9D%97%22,%22f%22,%22true%22,%22%22,%22%22%0D%0A%22%22,%22psychophysics%22,%22165%22,%22469761%22,%220.0-11.0-0.0-0.58%22,%22023%22,%22high%20school%22,%22%22,%22%22,%22%22,%22%22,%221280.2450000308454%22,%22%22,%22j%22,%22%22,%22%22,%22key%22,%22j%22,%2216.66667883211694%22,%22768%22,%22428%22,%22./img/Tri.png%22,%22%E4%B8%89%E8%A7%92%22,%22j%22,%22true%22,%22%22,%22%22%0D%0A%22%22,%22psychophysics%22,%22166%22,%22471554%22,%220.0-11.0-0.0-0.59%22,%22023%22,%22high%20school%22,%22%22,%22%22,%22%22,%22%22,%22776.7299998085946%22,%22%22,%22j%22,%22%22,%22%22,%22key%22,%22j%22,%2216.66670476190491%22,%22768%22,%22428%22,%22./img/Tri.png%22,%22%E4%B8%89%E8%A7%92%22,%22j%22,%22true%22,%22%22,%22%22%0D%0A%22%22,%22psychophysics%22,%22167%22,%22473288%22,%220.0-11.0-0.0-0.60%22,%22023%22,%22high%20school%22,%22%22,%22%22,%22%22,%22%22,%22710.4149998631328%22,%22%22,%22j%22,%22%22,%22%22,%22key%22,%22j%22,%2216.666764705882443%22,%22768%22,%22428%22,%22./img/Squ.png%22,%22%E6%96%B9%E5%9D%97%22,%22j%22,%22true%22,%22%22,%22%22%0D%0A%22%22,%22psychophysics%22,%22168%22,%22475190%22,%220.0-11.0-0.0-0.61%22,%22023%22,%22high%20school%22,%22%22,%22%22,%22%22,%22%22,%22878.8300000596792%22,%22%22,%22j%22,%22%22,%22%22,%22key%22,%22j%22,%2216.666678571428097%22,%22768%22,%22428%22,%22./img/Tri.png%22,%22%E4%B8%89%E8%A7%92%22,%22j%22,%22true%22,%22%22,%22%22%0D%0A%22%22,%22psychophysics%22,%22169%22,%22477283%22,%220.0-11.0-0.0-0.62%22,%22023%22,%22high%20school%22,%22%22,%22%22,%22%22,%22%22,%221071.3450000621378%22,%22%22,%22f%22,%22%22,%22%22,%22key%22,%22f%22,%2216.666661290322324%22,%22768%22,%22428%22,%22./img/Squ.png%22,%22%E5%9C%86%E5%BD%A2%22,%22f%22,%22true%22,%22%22,%22%22%0D%0A%22%22,%22psychophysics%22,%22170%22,%22479445%22,%220.0-11.0-0.0-0.63%22,%22023%22,%22high%20school%22,%22%22,%22%22,%22%22,%22%22,%221131.9099999964237%22,%22%22,%22f%22,%22%22,%22%22,%22key%22,%22f%22,%2216.666692913386157%22,%22768%22,%22428%22,%22./img/Tri.png%22,%22%E5%9C%86%E5%BD%A2%22,%22f%22,%22true%22,%22%22,%22%22%0D%0A%22%22,%22psychophysics%22,%22171%22,%22481535%22,%220.0-11.0-0.0-0.64%22,%22023%22,%22high%20school%22,%22%22,%22%22,%22%22,%22%22,%221071.7599999625236%22,%22%22,%22j%22,%22%22,%22%22,%22key%22,%22j%22,%2216.666790322580887%22,%22768%22,%22428%22,%22./img/Cir.png%22,%22%E5%9C%86%E5%BD%A2%22,%22j%22,%22true%22,%22%22,%22%22%0D%0A%22%22,%22psychophysics%22,%22172%22,%22483637%22,%220.0-11.0-0.0-0.65%22,%22023%22,%22high%20school%22,%22%22,%22%22,%22%22,%22%22,%221085.7300001662225%22,%22%22,%22f%22,%22%22,%22%22,%22key%22,%22f%22,%2216.666672000000254%22,%22768%22,%22428%22,%22./img/Cir.png%22,%22%E6%96%B9%E5%9D%97%22,%22f%22,%22true%22,%22%22,%22%22%0D%0A%22%22,%22psychophysics%22,%22173%22,%22485595%22,%220.0-11.0-0.0-0.66%22,%22023%22,%22high%20school%22,%22%22,%22%22,%22%22,%22%22,%22938.0999999120831%22,%22%22,%22f%22,%22%22,%22%22,%22key%22,%22f%22,%2216.66667826086961%22,%22768%22,%22428%22,%22./img/Squ.png%22,%22%E4%B8%89%E8%A7%92%22,%22f%22,%22true%22,%22%22,%22%22%0D%0A%22%22,%22psychophysics%22,%22174%22,%22487509%22,%220.0-11.0-0.0-0.67%22,%22023%22,%22high%20school%22,%22%22,%22%22,%22%22,%22%22,%22891.899999929592%22,%22%22,%22f%22,%22%22,%22%22,%22key%22,%22f%22,%2216.666725663716527%22,%22768%22,%22428%22,%22./img/Cir.png%22,%22%E4%B8%89%E8%A7%92%22,%22f%22,%22true%22,%22%22,%22%22%0D%0A%22%22,%22psychophysics%22,%22175%22,%22489241%22,%220.0-11.0-0.0-0.68%22,%22023%22,%22high%20school%22,%22%22,%22%22,%22%22,%22%22,%22712.3300000093877%22,%22%22,%22j%22,%22%22,%22%22,%22key%22,%22j%22,%2216.6666764705887%22,%22768%22,%22428%22,%22./img/Cir.png%22,%22%E5%9C%86%E5%BD%A2%22,%22j%22,%22true%22,%22%22,%22%22%0D%0A%22%22,%22psychophysics%22,%22176%22,%22491239%22,%220.0-11.0-0.0-0.69%22,%22023%22,%22high%20school%22,%22%22,%22%22,%22%22,%22%22,%22978.2050000503659%22,%22%22,%22j%22,%22%22,%22%22,%22key%22,%22j%22,%2216.666677966101737%22,%22768%22,%22428%22,%22./img/Tri.png%22,%22%E4%B8%89%E8%A7%92%22,%22j%22,%22true%22,%22%22,%22%22%0D%0A%22%22,%22psychophysics%22,%22177%22,%22493055%22,%220.0-11.0-0.0-0.70%22,%22023%22,%22high%20school%22,%22%22,%22%22,%22%22,%22%22,%22789.1800000797957%22,%22%22,%22j%22,%22%22,%22%22,%22key%22,%22j%22,%2216.66669158878514%22,%22768%22,%22428%22,%22./img/Squ.png%22,%22%E6%96%B9%E5%9D%97%22,%22j%22,%22true%22,%22%22,%22%22%0D%0A%22%22,%22psychophysics%22,%22178%22,%22495070%22,%220.0-11.0-0.0-0.71%22,%22023%22,%22high%20school%22,%22%22,%22%22,%22%22,%22%22,%22986.9049999397248%22,%22%22,%22f%22,%22%22,%22%22,%22key%22,%22f%22,%2216.66684873949613%22,%22768%22,%22428%22,%22./img/Tri.png%22,%22%E6%96%B9%E5%9D%97%22,%22f%22,%22true%22,%22%22,%22%22%0D%0A%22%22,%22html-keyboard-response%22,%22179%22,%22498659%22,%220.0-11.0-1.0%22,%22023%22,%22high%20school%22,%22%22,%22%22,%22%22,%22%22,%223572.415000060573%22,%22%3Cstyle%3E.context%7Bcolor:white;%20font-size:%2030px;%7D%3C/style%3E%20%20%20%20%20%20%20%20%20%20%20%20%20%20%20%20%20%20%20%20%20%20%20%20%20%20%20%20%3Cdiv%3E%3Cp%20class='context'%3E%E4%BD%A0%E6%AD%A3%E7%A1%AE%E5%9B%9E%E7%AD%94%E4%BA%8693%25%20%E7%9A%84%E8%AF%95%E6%AC%A1%E3%80%82%3C/p%3E%3Cp%20class='context'%3E%E4%BD%A0%E7%9A%84%E5%B9%B3%E5%9D%87%E5%8F%8D%E5%BA%94%E6%97%B6%E4%B8%BA807%E6%AF%AB%E7%A7%92%E3%80%82%3C/p%3E%3Cp%20class='context'%3E%E8%AF%B7%E6%8C%89%E4%BB%BB%E6%84%8F%E9%94%AE%E8%BF%9B%E5%85%A5%E4%BC%91%E6%81%AF%3C/p%3E%3C/div%3E%22,%22%20%22,%22%22,%22%22,%22%22,%22%22,%22%22,%22%22,%22%22,%22%22,%22%22,%22%22,%22%22,%22%22,%22%22%0D%0A%22%22,%22html-button-response%22,%22180%22,%22541840%22,%220.0-11.0-2.0%22,%22023%22,%22high%20school%22,%22%22,%22%22,%22%22,%22%22,%2243160.10500001721%22,%22%0A%20%20%20%20%20%20%20%20%20%20%20%20%20%20%20%20%20%20%20%20%3Cp%3E%E4%BD%A0%E5%BD%93%E5%89%8D%E8%BF%98%E5%89%A9%E4%BD%991%E7%BB%84%E5%AE%9E%E9%AA%8C%3C/p%3E%0A%20%20%20%20%20%20%20%20%20%20%20%20%20%20%20%20%20%20%20%20%3Cp%3E%E7%8E%B0%E5%9C%A8%E6%98%AF%E4%BC%91%E6%81%AF%E6%97%B6%E9%97%B4%EF%BC%8C%E5%BD%93%E4%BD%A0%E7%BB%93%E6%9D%9F%E4%BC%91%E6%81%AF%E5%90%8E%EF%BC%8C%E4%BD%A0%E5%8F%AF%E4%BB%A5%E7%82%B9%E5%87%BB%20%E7%BB%93%E6%9D%9F%E4%BC%91%E6%81%AF%20%E6%8C%89%E9%92%AE%20%E7%BB%A7%E7%BB%AD%3C/p%3E%0A%20%20%20%20%20%20%20%20%20%20%20%20%20%20%20%20%20%20%20%20%3Cp%3E%E5%BB%BA%E8%AE%AE%E4%BC%91%E6%81%AF%E6%97%B6%E9%97%B4%E8%BF%98%E5%89%A9%E4%BD%99%3Cspan%20id=%22%22iii%22%22%3E60%3C/span%3E%E7%A7%92%3C/p%3E%22,%220%22,%22%22,%22%22,%22%22,%22%22,%22%22,%22%22,%22%22,%22%22,%22%22,%22%22,%22%22,%22%22,%22%22%0D%0A%22%22,%22psychophysics%22,%22181%22,%22544367%22,%220.0-11.0-0.1-0.72%22,%22023%22,%22high%20school%22,%22%22,%22%22,%22%22,%22%22,%22null%22,%22%22,%22null%22,%22%22,%22%22,%22key%22,%22null%22,%2216.667039999999883%22,%22768%22,%22428%22,%22./img/Cir.png%22,%22%E6%96%B9%E5%9D%97%22,%22f%22,%22false%22,%22%22,%22%22%0D%0A%22%22,%22psychophysics%22,%22182%22,%22546125%22,%220.0-11.0-0.1-0.73%22,%22023%22,%22high%20school%22,%22%22,%22%22,%22%22,%22%22,%22740.7149998471141%22,%22%22,%22j%22,%22%22,%22%22,%22key%22,%22j%22,%2216.666807692308794%22,%22768%22,%22428%22,%22./img/Squ.png%22,%22%E6%96%B9%E5%9D%97%22,%22j%22,%22true%22,%22%22,%22%22%0D%0A%22%22,%22psychophysics%22,%22183%22,%22548076%22,%220.0-11.0-0.1-0.74%22,%22023%22,%22high%20school%22,%22%22,%22%22,%22%22,%22%22,%22932.5250000692904%22,%22%22,%22j%22,%22%22,%22%22,%22key%22,%22j%22,%2216.666739130434177%22,%22768%22,%22428%22,%22./img/Cir.png%22,%22%E5%9C%86%E5%BD%A2%22,%22j%22,%22true%22,%22%22,%22%22%0D%0A%22%22,%22psychophysics%22,%22184%22,%22549757%22,%220.0-11.0-0.1-0.75%22,%22023%22,%22high%20school%22,%22%22,%22%22,%22%22,%22%22,%22656.8899999838322%22,%22%22,%22f%22,%22%22,%22%22,%22key%22,%22f%22,%2216.666646464646682%22,%22768%22,%22428%22,%22./img/Cir.png%22,%22%E4%B8%89%E8%A7%92%22,%22f%22,%22true%22,%22%22,%22%22%0D%0A%22%22,%22psychophysics%22,%22185%22,%22551671%22,%220.0-11.0-0.1-0.76%22,%22023%22,%22high%20school%22,%22%22,%22%22,%22%22,%22%22,%22887.5750000588596%22,%22%22,%22f%22,%22%22,%22%22,%22key%22,%22f%22,%2216.666920353981986%22,%22768%22,%22428%22,%22./img/Tri.png%22,%22%E5%9C%86%E5%BD%A2%22,%22f%22,%22true%22,%22%22,%22%22%0D%0A%22%22,%22psychophysics%22,%22186%22,%22553358%22,%220.0-11.0-0.1-0.77%22,%22023%22,%22high%20school%22,%22%22,%22%22,%22%22,%22%22,%22665.7200001645833%22,%22%22,%22j%22,%22%22,%22%22,%22key%22,%22j%22,%2216.666424242424487%22,%22768%22,%22428%22,%22./img/Cir.png%22,%22%E5%9C%86%E5%BD%A2%22,%22j%22,%22true%22,%22%22,%22%22%0D%0A%22%22,%22psychophysics%22,%22187%22,%22555082%22,%220.0-11.0-0.1-0.78%22,%22023%22,%22high%20school%22,%22%22,%22%22,%22%22,%22%22,%22697.3850000649691%22,%22%22,%22f%22,%22%22,%22%22,%22key%22,%22f%22,%2216.666732673267003%22,%22768%22,%22428%22,%22./img/Tri.png%22,%22%E6%96%B9%E5%9D%97%22,%22f%22,%22true%22,%22%22,%22%22%0D%0A%22%22,%22psychophysics%22,%22188%22,%22556796%22,%220.0-11.0-0.1-0.79%22,%22023%22,%22high%20school%22,%22%22,%22%22,%22%22,%22%22,%22695.4100001603365%22,%22%22,%22f%22,%22%22,%22%22,%22key%22,%22f%22,%2216.666742574257572%22,%22768%22,%22428%22,%22./img/Squ.png%22,%22%E4%B8%89%E8%A7%92%22,%22f%22,%22true%22,%22%22,%22%22%0D%0A%22%22,%22psychophysics%22,%22189%22,%22558406%22,%220.0-11.0-0.1-0.80%22,%22023%22,%22high%20school%22,%22%22,%22%22,%22%22,%22%22,%22588.640000205487%22,%22%22,%22f%22,%22%22,%22%22,%22key%22,%22f%22,%2216.666631578948152%22,%22768%22,%22428%22,%22./img/Squ.png%22,%22%E5%9C%86%E5%BD%A2%22,%22f%22,%22true%22,%22%22,%22%22%0D%0A%22%22,%22psychophysics%22,%22190%22,%22560006%22,%220.0-11.0-0.1-0.81%22,%22023%22,%22high%20school%22,%22%22,%22%22,%22%22,%22%22,%22576.6450001392514%22,%22%22,%22j%22,%22%22,%22%22,%22key%22,%22j%22,%2216.66676595744657%22,%22768%22,%22428%22,%22./img/Tri.png%22,%22%E4%B8%89%E8%A7%92%22,%22j%22,%22true%22,%22%22,%22%22%0D%0A%22%22,%22psychophysics%22,%22191%22,%22561677%22,%220.0-11.0-0.1-0.82%22,%22023%22,%22high%20school%22,%22%22,%22%22,%22%22,%22%22,%22642.6699999719858%22,%22%22,%22j%22,%22%22,%22%22,%22key%22,%22j%22,%2216.66683673469364%22,%22768%22,%22428%22,%22./img/Tri.png%22,%22%E4%B8%89%E8%A7%92%22,%22j%22,%22true%22,%22%22,%22%22%0D%0A%22%22,%22psychophysics%22,%22192%22,%22563471%22,%220.0-11.0-0.1-0.83%22,%22023%22,%22high%20school%22,%22%22,%22%22,%22%22,%22%22,%22772.6449999026954%22,%22%22,%22j%22,%22%22,%22%22,%22key%22,%22j%22,%2216.666698113206845%22,%22768%22,%22428%22,%22./img/Squ.png%22,%22%E6%96%B9%E5%9D%97%22,%22j%22,%22true%22,%22%22,%22%22%0D%0A%22%22,%22psychophysics%22,%22193%22,%22565380%22,%220.0-11.0-0.1-0.84%22,%22023%22,%22high%20school%22,%22%22,%22%22,%22%22,%22%22,%22879.7000001650304%22,%22%22,%22f%22,%22%22,%22%22,%22key%22,%22f%22,%2216.666883928571355%22,%22768%22,%22428%22,%22./img/Tri.png%22,%22%E6%96%B9%E5%9D%97%22,%22f%22,%22true%22,%22%22,%22%22%0D%0A%22%22,%22psychophysics%22,%22194%22,%22567061%22,%220.0-11.0-0.1-0.85%22,%22023%22,%22high%20school%22,%22%22,%22%22,%22%22,%22%22,%22658.9800000656396%22,%22%22,%22j%22,%22%22,%22%22,%22key%22,%22j%22,%2216.66642424242331%22,%22768%22,%22428%22,%22./img/Tri.png%22,%22%E4%B8%89%E8%A7%92%22,%22j%22,%22true%22,%22%22,%22%22%0D%0A%22%22,%22psychophysics%22,%22195%22,%22568966%22,%220.0-11.0-0.1-0.86%22,%22023%22,%22high%20school%22,%22%22,%22%22,%22%22,%22%22,%22880.6799999438226%22,%22%22,%22j%22,%22%22,%22%22,%22key%22,%22j%22,%2216.66671428571447%22,%22768%22,%22428%22,%22./img/Cir.png%22,%22%E5%9C%86%E5%BD%A2%22,%22j%22,%22true%22,%22%22,%22%22%0D%0A%22%22,%22psychophysics%22,%22196%22,%22571036%22,%220.0-11.0-0.1-0.87%22,%22023%22,%22high%20school%22,%22%22,%22%22,%22%22,%22%22,%221049.8900001402944%22,%22%22,%22j%22,%22%22,%22%22,%22key%22,%22j%22,%2216.66695121951246%22,%22768%22,%22428%22,%22./img/Squ.png%22,%22%E6%96%B9%E5%9D%97%22,%22j%22,%22true%22,%22%22,%22%22%0D%0A%22%22,%22psychophysics%22,%22197%22,%22573011%22,%220.0-11.0-0.1-0.88%22,%22023%22,%22high%20school%22,%22%22,%22%22,%22%22,%22%22,%22958.2799999043345%22,%22%22,%22j%22,%22%22,%22%22,%22key%22,%22j%22,%2216.66676068376117%22,%22768%22,%22428%22,%22./img/Cir.png%22,%22%E5%9C%86%E5%BD%A2%22,%22j%22,%22true%22,%22%22,%22%22%0D%0A%22%22,%22psychophysics%22,%22198%22,%22574710%22,%220.0-11.0-0.1-0.89%22,%22023%22,%22high%20school%22,%22%22,%22%22,%22%22,%22%22,%22675.7699998561293%22,%22%22,%22f%22,%22%22,%22%22,%22key%22,%22f%22,%2216.66689000000013%22,%22768%22,%22428%22,%22./img/Cir.png%22,%22%E4%B8%89%E8%A7%92%22,%22f%22,%22true%22,%22%22,%22%22%0D%0A%22%22,%22psychophysics%22,%22199%22,%22576323%22,%220.0-11.0-0.1-0.90%22,%22023%22,%22high%20school%22,%22%22,%22%22,%22%22,%22%22,%22587.0649998541921%22,%22%22,%22f%22,%22%22,%22%22,%22key%22,%22f%22,%2216.66633684210553%22,%22768%22,%22428%22,%22./img/Squ.png%22,%22%E4%B8%89%E8%A7%92%22,%22f%22,%22true%22,%22%22,%22%22%0D%0A%22%22,%22psychophysics%22,%22200%22,%22577994%22,%220.0-11.0-0.1-0.91%22,%22023%22,%22high%20school%22,%22%22,%22%22,%22%22,%22%22,%22645.1000000815839%22,%22%22,%22j%22,%22%22,%22%22,%22key%22,%22j%22,%2216.666826530611523%22,%22768%22,%22428%22,%22./img/Tri.png%22,%22%E4%B8%89%E8%A7%92%22,%22j%22,%22true%22,%22%22,%22%22%0D%0A%22%22,%22psychophysics%22,%22201%22,%22579686%22,%220.0-11.0-0.1-0.92%22,%22023%22,%22high%20school%22,%22%22,%22%22,%22%22,%22%22,%22669.9949998874217%22,%22%22,%22j%22,%22%22,%22%22,%22key%22,%22j%22,%2216.666639999999898%22,%22768%22,%22428%22,%22./img/Squ.png%22,%22%E6%96%B9%E5%9D%97%22,%22j%22,%22true%22,%22%22,%22%22%0D%0A%22%22,%22psychophysics%22,%22202%22,%22581876%22,%220.0-11.0-0.1-0.93%22,%22023%22,%22high%20school%22,%22%22,%22%22,%22%22,%22%22,%221166.834999807179%22,%22%22,%22f%22,%22%22,%22%22,%22key%22,%22f%22,%2216.666736434109133%22,%22768%22,%22428%22,%22./img/Tri.png%22,%22%E5%9C%86%E5%BD%A2%22,%22f%22,%22true%22,%22%22,%22%22%0D%0A%22%22,%22psychophysics%22,%22203%22,%22583623%22,%220.0-11.0-0.1-0.94%22,%22023%22,%22high%20school%22,%22%22,%22%22,%22%22,%22%22,%22721.4700002223253%22,%22%22,%22f%22,%22%22,%22%22,%22key%22,%22f%22,%2216.666912621359604%22,%22768%22,%22428%22,%22./img/Cir.png%22,%22%E6%96%B9%E5%9D%97%22,%22f%22,%22true%22,%22%22,%22%22%0D%0A%22%22,%22psychophysics%22,%22204%22,%22586152%22,%220.0-11.0-0.1-0.95%22,%22023%22,%22high%20school%22,%22%22,%22%22,%22%22,%22%22,%22null%22,%22%22,%22null%22,%22%22,%22%22,%22key%22,%22null%22,%2216.666697986577105%22,%22768%22,%22428%22,%22./img/Squ.png%22,%22%E5%9C%86%E5%BD%A2%22,%22f%22,%22false%22,%22%22,%22%22%0D%0A%22%22,%22psychophysics%22,%22205%22,%22588670%22,%220.0-11.0-0.1-0.96%22,%22023%22,%22high%20school%22,%22%22,%22%22,%22%22,%22%22,%22null%22,%22%22,%22null%22,%22%22,%22%22,%22key%22,%22null%22,%2216.6668200000003%22,%22768%22,%22428%22,%22./img/Tri.png%22,%22%E4%B8%89%E8%A7%92%22,%22j%22,%22false%22,%22%22,%22%22%0D%0A%22%22,%22psychophysics%22,%22206%22,%22590475%22,%220.0-11.0-0.1-0.97%22,%22023%22,%22high%20school%22,%22%22,%22%22,%22%22,%22%22,%22784.7049999982119%22,%22%22,%22f%22,%22%22,%22%22,%22key%22,%22f%22,%2216.666811320755%22,%22768%22,%22428%22,%22./img/Squ.png%22,%22%E5%9C%86%E5%BD%A2%22,%22f%22,%22true%22,%22%22,%22%22%0D%0A%22%22,%22psychophysics%22,%22207%22,%22592187%22,%220.0-11.0-0.1-0.98%22,%22023%22,%22high%20school%22,%22%22,%22%22,%22%22,%22%22,%22686.5699999034405%22,%22%22,%22j%22,%22%22,%22%22,%22key%22,%22j%22,%2216.666732673268157%22,%22768%22,%22428%22,%22./img/Squ.png%22,%22%E6%96%B9%E5%9D%97%22,%22j%22,%22true%22,%22%22,%22%22%0D%0A%22%22,%22psychophysics%22,%22208%22,%22593693%22,%220.0-11.0-0.1-0.99%22,%22023%22,%22high%20school%22,%22%22,%22%22,%22%22,%22%22,%22481.6350000910461%22,%22%22,%22j%22,%22%22,%22%22,%22key%22,%22j%22,%2216.66665909090873%22,%22768%22,%22428%22,%22./img/Squ.png%22,%22%E6%96%B9%E5%9D%97%22,%22j%22,%22true%22,%22%22,%22%22%0D%0A%22%22,%22psychophysics%22,%22209%22,%22595715%22,%220.0-11.0-0.1-0.100%22,%22023%22,%22high%20school%22,%22%22,%22%22,%22%22,%22%22,%22996.9699999783188%22,%22%22,%22j%22,%22%22,%22%22,%22key%22,%22j%22,%2216.666680672268594%22,%22768%22,%22428%22,%22./img/Tri.png%22,%22%E4%B8%89%E8%A7%92%22,%22j%22,%22true%22,%22%22,%22%22%0D%0A%22%22,%22psychophysics%22,%22210%22,%22597438%22,%220.0-11.0-0.1-0.101%22,%22023%22,%22high%20school%22,%22%22,%22%22,%22%22,%22%22,%22702.8149999678135%22,%22%22,%22f%22,%22%22,%22%22,%22key%22,%22f%22,%2216.6666764705887%22,%22768%22,%22428%22,%22./img/Cir.png%22,%22%E6%96%B9%E5%9D%97%22,%22f%22,%22true%22,%22%22,%22%22%0D%0A%22%22,%22psychophysics%22,%22211%22,%22599378%22,%220.0-11.0-0.1-0.102%22,%22023%22,%22high%20school%22,%22%22,%22%22,%22%22,%22%22,%22909.9349998869002%22,%22%22,%22j%22,%22%22,%22%22,%22key%22,%22j%22,%2216.666763157895236%22,%22768%22,%22428%22,%22./img/Cir.png%22,%22%E5%9C%86%E5%BD%A2%22,%22j%22,%22true%22,%22%22,%22%22%0D%0A%22%22,%22psychophysics%22,%22212%22,%22601222%22,%220.0-11.0-0.1-0.103%22,%22023%22,%22high%20school%22,%22%22,%22%22,%22%22,%22%22,%22822.9399998672307%22,%22%22,%22f%22,%22%22,%22%22,%22key%22,%22f%22,%2216.66674311926648%22,%22768%22,%22428%22,%22./img/Tri.png%22,%22%E6%96%B9%E5%9D%97%22,%22f%22,%22true%22,%22%22,%22%22%0D%0A%22%22,%22psychophysics%22,%22213%22,%22602905%22,%220.0-11.0-0.1-0.104%22,%22023%22,%22high%20school%22,%22%22,%22%22,%22%22,%22%22,%22659.5950000919402%22,%22%22,%22j%22,%22%22,%22%22,%22key%22,%22j%22,%2216.666616161616115%22,%22768%22,%22428%22,%22./img/Cir.png%22,%22%E5%9C%86%E5%BD%A2%22,%22j%22,%22true%22,%22%22,%22%22%0D%0A%22%22,%22psychophysics%22,%22214%22,%22604791%22,%220.0-11.0-0.1-0.105%22,%22023%22,%22high%20school%22,%22%22,%22%22,%22%22,%22%22,%22863.6249999981374%22,%22%22,%22f%22,%22%22,%22%22,%22key%22,%22f%22,%2216.666765765765227%22,%22768%22,%22428%22,%22./img/Tri.png%22,%22%E5%9C%86%E5%BD%A2%22,%22f%22,%22true%22,%22%22,%22%22%0D%0A%22%22,%22psychophysics%22,%22215%22,%22606466%22,%220.0-11.0-0.1-0.106%22,%22023%22,%22high%20school%22,%22%22,%22%22,%22%22,%22%22,%22650.9300000034273%22,%22%22,%22f%22,%22%22,%22%22,%22key%22,%22f%22,%2216.666747474747787%22,%22768%22,%22428%22,%22./img/Cir.png%22,%22%E4%B8%89%E8%A7%92%22,%22f%22,%22true%22,%22%22,%22%22%0D%0A%22%22,%22psychophysics%22,%22216%22,%22608250%22,%220.0-11.0-0.1-0.107%22,%22023%22,%22high%20school%22,%22%22,%22%22,%22%22,%22%22,%22766.194999916479%22,%22%22,%22f%22,%22%22,%22%22,%22key%22,%22f%22,%2216.666716981132268%22,%22768%22,%22428%22,%22./img/Squ.png%22,%22%E4%B8%89%E8%A7%92%22,%22f%22,%22true%22,%22%22,%22%22%0D%0A%22%22,%22psychophysics%22,%22217%22,%22609930%22,%220.0-11.0-0.1-0.108%22,%22023%22,%22high%20school%22,%22%22,%22%22,%22%22,%22%22,%22662.8000000491738%22,%22%22,%22j%22,%22%22,%22%22,%22key%22,%22j%22,%2216.66678787878893%22,%22768%22,%22428%22,%22./img/Tri.png%22,%22%E4%B8%89%E8%A7%92%22,%22j%22,%22true%22,%22%22,%22%22%0D%0A%22%22,%22psychophysics%22,%22218%22,%22611748%22,%220.0-11.0-0.1-0.109%22,%22023%22,%22high%20school%22,%22%22,%22%22,%22%22,%22%22,%22797.6400000043213%22,%22%22,%22f%22,%22%22,%22%22,%22key%22,%22f%22,%2216.666710280373728%22,%22768%22,%22428%22,%22./img/Squ.png%22,%22%E5%9C%86%E5%BD%A2%22,%22f%22,%22true%22,%22%22,%22%22%0D%0A%22%22,%22psychophysics%22,%22219%22,%22613602%22,%220.0-11.0-0.1-0.110%22,%22023%22,%22high%20school%22,%22%22,%22%22,%22%22,%22%22,%22835.5750001501292%22,%22%22,%22j%22,%22%22,%22%22,%22key%22,%22j%22,%2216.666672727273014%22,%22768%22,%22428%22,%22./img/Tri.png%22,%22%E4%B8%89%E8%A7%92%22,%22j%22,%22true%22,%22%22,%22%22%0D%0A%22%22,%22psychophysics%22,%22220%22,%22615358%22,%220.0-11.0-0.1-0.111%22,%22023%22,%22high%20school%22,%22%22,%22%22,%22%22,%22%22,%22731.8299999460578%22,%22%22,%22f%22,%22%22,%22%22,%22key%22,%22f%22,%2216.666669902912776%22,%22768%22,%22428%22,%22./img/Tri.png%22,%22%E5%9C%86%E5%BD%A2%22,%22f%22,%22true%22,%22%22,%22%22%0D%0A%22%22,%22psychophysics%22,%22221%22,%22617121%22,%220.0-11.0-0.1-0.112%22,%22023%22,%22high%20school%22,%22%22,%22%22,%22%22,%22%22,%22744.7099999990314%22,%22%22,%22j%22,%22%22,%22%22,%22key%22,%22j%22,%2216.666605769230117%22,%22768%22,%22428%22,%22./img/Squ.png%22,%22%E6%96%B9%E5%9D%97%22,%22j%22,%22true%22,%22%22,%22%22%0D%0A%22%22,%22psychophysics%22,%22222%22,%22618976%22,%220.0-11.0-0.1-0.113%22,%22023%22,%22high%20school%22,%22%22,%22%22,%22%22,%22%22,%22830.3499999456108%22,%22%22,%22j%22,%22%22,%22%22,%22key%22,%22j%22,%2216.66676146789014%22,%22768%22,%22428%22,%22./img/Cir.png%22,%22%E5%9C%86%E5%BD%A2%22,%22j%22,%22true%22,%22%22,%22%22%0D%0A%22%22,%22psychophysics%22,%22223%22,%22620650%22,%220.0-11.0-0.1-0.114%22,%22023%22,%22high%20school%22,%22%22,%22%22,%22%22,%22%22,%22651.5999999828637%22,%22%22,%22j%22,%22%22,%22%22,%22key%22,%22j%22,%2216.666787878787755%22,%22768%22,%22428%22,%22./img/Cir.png%22,%22%E5%9C%86%E5%BD%A2%22,%22j%22,%22true%22,%22%22,%22%22%0D%0A%22%22,%22psychophysics%22,%22224%22,%22622269%22,%220.0-11.0-0.1-0.115%22,%22023%22,%22high%20school%22,%22%22,%22%22,%22%22,%22%22,%22602.9999998863786%22,%22%22,%22f%22,%22%22,%22%22,%22key%22,%22f%22,%2216.666822916666813%22,%22768%22,%22428%22,%22./img/Squ.png%22,%22%E4%B8%89%E8%A7%92%22,%22f%22,%22true%22,%22%22,%22%22%0D%0A%22%22,%22psychophysics%22,%22225%22,%22624207%22,%220.0-11.0-0.1-0.116%22,%22023%22,%22high%20school%22,%22%22,%22%22,%22%22,%22%22,%22921.0949998814613%22,%22%22,%22f%22,%22%22,%22%22,%22key%22,%22f%22,%2216.666728070175292%22,%22768%22,%22428%22,%22./img/Tri.png%22,%22%E6%96%B9%E5%9D%97%22,%22f%22,%22true%22,%22%22,%22%22%0D%0A%22%22,%22psychophysics%22,%22226%22,%22625808%22,%220.0-11.0-0.1-0.117%22,%22023%22,%22high%20school%22,%22%22,%22%22,%22%22,%22%22,%22580.1950001623482%22,%22%22,%22j%22,%22%22,%22%22,%22key%22,%22j%22,%2216.66646808510686%22,%22768%22,%22428%22,%22./img/Cir.png%22,%22%E6%96%B9%E5%9D%97%22,%22f%22,%22false%22,%22%22,%22%22%0D%0A%22%22,%22psychophysics%22,%22227%22,%22627441%22,%220.0-11.0-0.1-0.118%22,%22023%22,%22high%20school%22,%22%22,%22%22,%22%22,%22%22,%22607.9049999825656%22,%22%22,%22f%22,%22%22,%22%22,%22key%22,%22f%22,%2216.666468750000302%22,%22768%22,%22428%22,%22./img/Cir.png%22,%22%E4%B8%89%E8%A7%92%22,%22f%22,%22true%22,%22%22,%22%22%0D%0A%22%22,%22psychophysics%22,%22228%22,%22629039%22,%220.0-11.0-0.1-0.119%22,%22023%22,%22high%20school%22,%22%22,%22%22,%22%22,%22%22,%22576.8999999854714%22,%22%22,%22j%22,%22%22,%22%22,%22key%22,%22j%22,%2216.666680851064502%22,%22768%22,%22428%22,%22./img/Squ.png%22,%22%E6%96%B9%E5%9D%97%22,%22j%22,%22true%22,%22%22,%22%22%0D%0A%22%22,%22psychophysics%22,%22229%22,%22631032%22,%220.0-11.0-0.1-0.120%22,%22023%22,%22high%20school%22,%22%22,%22%22,%22%22,%22%22,%22975.8249998558313%22,%22%22,%22f%22,%22%22,%22%22,%22key%22,%22f%22,%2216.666905982906403%22,%22768%22,%22428%22,%22./img/Cir.png%22,%22%E6%96%B9%E5%9D%97%22,%22f%22,%22true%22,%22%22,%22%22%0D%0A%22%22,%22psychophysics%22,%22230%22,%22632704%22,%220.0-11.0-0.1-0.121%22,%22023%22,%22high%20school%22,%22%22,%22%22,%22%22,%22%22,%22653.4699997864664%22,%22%22,%22f%22,%22%22,%22%22,%22key%22,%22f%22,%2216.666818181817145%22,%22768%22,%22428%22,%22./img/Cir.png%22,%22%E4%B8%89%E8%A7%92%22,%22f%22,%22true%22,%22%22,%22%22%0D%0A%22%22,%22psychophysics%22,%22231%22,%22634406%22,%220.0-11.0-0.1-0.122%22,%22023%22,%22high%20school%22,%22%22,%22%22,%22%22,%22%22,%22679.7599999699742%22,%22%22,%22j%22,%22%22,%22%22,%22key%22,%22j%22,%2216.66667000000016%22,%22768%22,%22428%22,%22./img/Cir.png%22,%22%E5%9C%86%E5%BD%A2%22,%22j%22,%22true%22,%22%22,%22%22%0D%0A%22%22,%22psychophysics%22,%22232%22,%22636184%22,%220.0-11.0-0.1-0.123%22,%22023%22,%22high%20school%22,%22%22,%22%22,%22%22,%22%22,%22755.6900000199676%22,%22%22,%22j%22,%22%22,%22%22,%22key%22,%22j%22,%2216.666809523809658%22,%22768%22,%22428%22,%22./img/Squ.png%22,%22%E6%96%B9%E5%9D%97%22,%22j%22,%22true%22,%22%22,%22%22%0D%0A%22%22,%22psychophysics%22,%22233%22,%22637802%22,%220.0-11.0-0.1-0.124%22,%22023%22,%22high%20school%22,%22%22,%22%22,%22%22,%22%22,%22596.2450001388788%22,%22%22,%22f%22,%22%22,%22%22,%22key%22,%22f%22,%2216.666760416666268%22,%22768%22,%22428%22,%22./img/Tri.png%22,%22%E5%9C%86%E5%BD%A2%22,%22f%22,%22true%22,%22%22,%22%22%0D%0A%22%22,%22psychophysics%22,%22234%22,%22639624%22,%220.0-11.0-0.1-0.125%22,%22023%22,%22high%20school%22,%22%22,%22%22,%22%22,%22%22,%22798.329999903217%22,%22%22,%22f%22,%22%22,%22%22,%22key%22,%22f%22,%2216.666644859813136%22,%22768%22,%22428%22,%22./img/Squ.png%22,%22%E4%B8%89%E8%A7%92%22,%22f%22,%22true%22,%22%22,%22%22%0D%0A%22%22,%22psychophysics%22,%22235%22,%22641770%22,%220.0-11.0-0.1-0.126%22,%22023%22,%22high%20school%22,%22%22,%22%22,%22%22,%22%22,%221123.9400000777096%22,%22%22,%22j%22,%22%22,%22%22,%22key%22,%22j%22,%2216.66685826771647%22,%22768%22,%22428%22,%22./img/Cir.png%22,%22%E5%9C%86%E5%BD%A2%22,%22j%22,%22true%22,%22%22,%22%22%0D%0A%22%22,%22psychophysics%22,%22236%22,%22643411%22,%220.0-11.0-0.1-0.127%22,%22023%22,%22high%20school%22,%22%22,%22%22,%22%22,%22%22,%22622.7249999064952%22,%22%22,%22f%22,%22%22,%22%22,%22key%22,%22f%22,%2216.666666666666668%22,%22768%22,%22428%22,%22./img/Squ.png%22,%22%E6%96%B9%E5%9D%97%22,%22j%22,%22false%22,%22%22,%22%22%0D%0A%22%22,%22psychophysics%22,%22237%22,%22645052%22,%220.0-11.0-0.1-0.128%22,%22023%22,%22high%20school%22,%22%22,%22%22,%22%22,%22%22,%22617.4850000534207%22,%22%22,%22f%22,%22%22,%22%22,%22key%22,%22f%22,%2216.666711340205907%22,%22768%22,%22428%22,%22./img/Tri.png%22,%22%E4%B8%89%E8%A7%92%22,%22j%22,%22false%22,%22%22,%22%22%0D%0A%22%22,%22psychophysics%22,%22238%22,%22646809%22,%220.0-11.0-0.1-0.129%22,%22023%22,%22high%20school%22,%22%22,%22%22,%22%22,%22%22,%22738.6350000742823%22,%22%22,%22f%22,%22%22,%22%22,%22key%22,%22f%22,%2216.666631067961735%22,%22768%22,%22428%22,%22./img/Tri.png%22,%22%E6%96%B9%E5%9D%97%22,%22f%22,%22true%22,%22%22,%22%22%0D%0A%22%22,%22psychophysics%22,%22239%22,%22648454%22,%220.0-11.0-0.1-0.130%22,%22023%22,%22high%20school%22,%22%22,%22%22,%22%22,%22%22,%22620.8300001453608%22,%22%22,%22j%22,%22%22,%22%22,%22key%22,%22j%22,%2216.666494845359864%22,%22768%22,%22428%22,%22./img/Tri.png%22,%22%E4%B8%89%E8%A7%92%22,%22j%22,%22true%22,%22%22,%22%22%0D%0A%22%22,%22psychophysics%22,%22240%22,%22650203%22,%220.0-11.0-0.1-0.131%22,%22023%22,%22high%20school%22,%22%22,%22%22,%22%22,%22%22,%22723.740000044927%22,%22%22,%22f%22,%22%22,%22%22,%22key%22,%22f%22,%2216.666844660194716%22,%22768%22,%22428%22,%22./img/Squ.png%22,%22%E5%9C%86%E5%BD%A2%22,%22f%22,%22true%22,%22%22,%22%22%0D%0A%22%22,%22psychophysics%22,%22241%22,%22651862%22,%220.0-11.0-0.1-0.132%22,%22023%22,%22high%20school%22,%22%22,%22%22,%22%22,%22%22,%22634.105000179261%22,%22%22,%22f%22,%22%22,%22%22,%22key%22,%22f%22,%2216.666670103092947%22,%22768%22,%22428%22,%22./img/Squ.png%22,%22%E4%B8%89%E8%A7%92%22,%22f%22,%22true%22,%22%22,%22%22%0D%0A%22%22,%22psychophysics%22,%22242%22,%22653835%22,%220.0-11.0-0.1-0.133%22,%22023%22,%22high%20school%22,%22%22,%22%22,%22%22,%22%22,%22945.18500007689%22,%22%22,%22f%22,%22%22,%22%22,%22key%22,%22f%22,%2216.66682905982981%22,%22768%22,%22428%22,%22./img/Tri.png%22,%22%E5%9C%86%E5%BD%A2%22,%22f%22,%22true%22,%22%22,%22%22%0D%0A%22%22,%22psychophysics%22,%22243%22,%22655620%22,%220.0-11.0-0.1-0.134%22,%22023%22,%22high%20school%22,%22%22,%22%22,%22%22,%22%22,%22769.655000185594%22,%22%22,%22j%22,%22%22,%22%22,%22key%22,%22j%22,%2216.66685714285732%22,%22768%22,%22428%22,%22./img/Cir.png%22,%22%E5%9C%86%E5%BD%A2%22,%22j%22,%22true%22,%22%22,%22%22%0D%0A%22%22,%22psychophysics%22,%22244%22,%22657370%22,%220.0-11.0-0.1-0.135%22,%22023%22,%22high%20school%22,%22%22,%22%22,%22%22,%22%22,%22726.6249998938292%22,%22%22,%22f%22,%22%22,%22%22,%22key%22,%22f%22,%2216.666708737863814%22,%22768%22,%22428%22,%22./img/Cir.png%22,%22%E4%B8%89%E8%A7%92%22,%22f%22,%22true%22,%22%22,%22%22%0D%0A%22%22,%22psychophysics%22,%22245%22,%22659017%22,%220.0-11.0-0.1-0.136%22,%22023%22,%22high%20school%22,%22%22,%22%22,%22%22,%22%22,%22629.9000000581145%22,%22%22,%22j%22,%22%22,%22%22,%22key%22,%22j%22,%2216.666649484535267%22,%22768%22,%22428%22,%22./img/Tri.png%22,%22%E4%B8%89%E8%A7%92%22,%22j%22,%22true%22,%22%22,%22%22%0D%0A%22%22,%22psychophysics%22,%22246%22,%22661380%22,%220.0-11.0-0.1-0.137%22,%22023%22,%22high%20school%22,%22%22,%22%22,%22%22,%22%22,%221342.1400000806898%22,%22%22,%22j%22,%22%22,%22%22,%22key%22,%22j%22,%2216.666378571428194%22,%22768%22,%22428%22,%22./img/Squ.png%22,%22%E6%96%B9%E5%9D%97%22,%22j%22,%22true%22,%22%22,%22%22%0D%0A%22%22,%22psychophysics%22,%22247%22,%22663228%22,%220.0-11.0-0.1-0.138%22,%22023%22,%22high%20school%22,%22%22,%22%22,%22%22,%22%22,%22830.1199998240918%22,%22%22,%22f%22,%22%22,%22%22,%22key%22,%22f%22,%2216.666825688073473%22,%22768%22,%22428%22,%22./img/Tri.png%22,%22%E6%96%B9%E5%9D%97%22,%22f%22,%22true%22,%22%22,%22%22%0D%0A%22%22,%22psychophysics%22,%22248%22,%22665126%22,%220.0-11.0-0.1-0.139%22,%22023%22,%22high%20school%22,%22%22,%22%22,%22%22,%22%22,%22874.345000134781%22,%22%22,%22j%22,%22%22,%22%22,%22key%22,%22j%22,%2216.666883928571355%22,%22768%22,%22428%22,%22./img/Squ.png%22,%22%E6%96%B9%E5%9D%97%22,%22j%22,%22true%22,%22%22,%22%22%0D%0A%22%22,%22psychophysics%22,%22249%22,%22666901%22,%220.0-11.0-0.1-0.140%22,%22023%22,%22high%20school%22,%22%22,%22%22,%22%22,%22%22,%22750.5200000014156%22,%22%22,%22f%22,%22%22,%22%22,%22key%22,%22f%22,%2216.66685714285732%22,%22768%22,%22428%22,%22./img/Cir.png%22,%22%E6%96%B9%E5%9D%97%22,%22f%22,%22true%22,%22%22,%22%22%0D%0A%22%22,%22psychophysics%22,%22250%22,%22668527%22,%220.0-11.0-0.1-0.141%22,%22023%22,%22high%20school%22,%22%22,%22%22,%22%22,%22%22,%22608.7050000205636%22,%22%22,%22j%22,%22%22,%22%22,%22key%22,%22j%22,%2216.66675000000032%22,%22768%22,%22428%22,%22./img/Cir.png%22,%22%E5%9C%86%E5%BD%A2%22,%22j%22,%22true%22,%22%22,%22%22%0D%0A%22%22,%22psychophysics%22,%22251%22,%22670460%22,%220.0-11.0-0.1-0.142%22,%22023%22,%22high%20school%22,%22%22,%22%22,%22%22,%22%22,%22907.1299999486655%22,%22%22,%22f%22,%22%22,%22%22,%22key%22,%22f%22,%2216.666649122807204%22,%22768%22,%22428%22,%22./img/Squ.png%22,%22%E5%9C%86%E5%BD%A2%22,%22f%22,%22true%22,%22%22,%22%22%0D%0A%22%22,%22psychophysics%22,%22252%22,%22672075%22,%220.0-11.0-0.1-0.143%22,%22023%22,%22high%20school%22,%22%22,%22%22,%22%22,%22%22,%22591.8000000528991%22,%22%22,%22j%22,%22%22,%22%22,%22key%22,%22j%22,%2216.666505263157582%22,%22768%22,%22428%22,%22./img/Tri.png%22,%22%E4%B8%89%E8%A7%92%22,%22j%22,%22true%22,%22%22,%22%22%0D%0A%22%22,%22html-keyboard-response%22,%22253%22,%22678271%22,%220.0-11.0-1.1%22,%22023%22,%22high%20school%22,%22%22,%22%22,%22%22,%22%22,%226171.074999962002%22,%22%3Cstyle%3E.context%7Bcolor:white;%20font-size:%2030px;%7D%3C/style%3E%20%20%20%20%20%20%20%20%20%20%20%20%20%20%20%20%20%20%20%20%20%20%20%20%20%20%20%20%3Cdiv%3E%3Cp%20class='context'%3E%E4%BD%A0%E6%AD%A3%E7%A1%AE%E5%9B%9E%E7%AD%94%E4%BA%8692%25%20%E7%9A%84%E8%AF%95%E6%AC%A1%E3%80%82%3C/p%3E%3Cp%20class='context'%3E%E4%BD%A0%E7%9A%84%E5%B9%B3%E5%9D%87%E5%8F%8D%E5%BA%94%E6%97%B6%E4%B8%BA762%E6%AF%AB%E7%A7%92%E3%80%82%3C/p%3E%3Cp%20class='context'%3E%E8%AF%B7%E6%8C%89%E4%BB%BB%E6%84%8F%E9%94%AE%E8%BF%9B%E5%85%A5%E4%BC%91%E6%81%AF%3C/p%3E%3C/div%3E%22,%22%20%22,%22%22,%22%22,%22%22,%22%22,%22%22,%22%22,%22%22,%22%22,%22%22,%22%22,%22%22,%22%22,%22%22%0D%0A%22%22,%22html-button-response%22,%22254%22,%22687611%22,%220.0-11.0-2.1%22,%22023%22,%22high%20school%22,%22%22,%22%22,%22%22,%22%22,%229314.02499997057%22,%22%0A%20%20%20%20%20%20%20%20%20%20%20%20%20%20%20%20%20%20%20%20%3Cp%3E%E4%BD%A0%E5%BD%93%E5%89%8D%E8%BF%98%E5%89%A9%E4%BD%990%E7%BB%84%E5%AE%9E%E9%AA%8C%3C/p%3E%0A%20%20%20%20%20%20%20%20%20%20%20%20%20%20%20%20%20%20%20%20%3Cp%3E%E7%8E%B0%E5%9C%A8%E6%98%AF%E4%BC%91%E6%81%AF%E6%97%B6%E9%97%B4%EF%BC%8C%E5%BD%93%E4%BD%A0%E7%BB%93%E6%9D%9F%E4%BC%91%E6%81%AF%E5%90%8E%EF%BC%8C%E4%BD%A0%E5%8F%AF%E4%BB%A5%E7%82%B9%E5%87%BB%20%E7%BB%93%E6%9D%9F%E4%BC%91%E6%81%AF%20%E6%8C%89%E9%92%AE%20%E7%BB%A7%E7%BB%AD%3C/p%3E%0A%20%20%20%20%20%20%20%20%20%20%20%20%20%20%20%20%20%20%20%20%3Cp%3E%E5%BB%BA%E8%AE%AE%E4%BC%91%E6%81%AF%E6%97%B6%E9%97%B4%E8%BF%98%E5%89%A9%E4%BD%99%3Cspan%20id=%22%22iii%22%22%3E60%3C/span%3E%E7%A7%92%3C/p%3E%22,%220%22,%22%22,%22%22,%22%22,%22%22,%22%22,%22%22,%22%22,%22%22,%22%22,%22%22,%22%22,%22%22,%22%22%0D%0A%22%22,%22html-keyboard-response%22,%22255%22,%22692322%22,%220.0-12.0%22,%22023%22,%22high%20school%22,%22%22,%22%22,%22%22,%22%22,%224693.749999860302%22,%22%0A%20%20%20%20%3Cp%3E%E6%84%9F%E8%B0%A2%E6%82%A8%E5%8F%82%E5%8A%A0%E6%88%91%E4%BB%AC%E7%9A%84%E5%AE%9E%E9%AA%8C%EF%BC%8C%E8%AF%B7%E6%8C%89%E4%BB%BB%E6%84%8F%E9%94%AE%E5%BC%80%E5%A7%8B%E4%B8%8A%E4%BC%A0%E6%95%B0%E6%8D%AE%EF%BC%8C%E5%B9%B6%E9%80%9A%E7%9F%A5%E7%A0%94%E7%A9%B6%E8%80%85%E3%80%82%3C/p%3E%0A%20%20%20%20%3Cp%3E%E6%84%9F%E8%B0%A2%E6%82%A8%E7%9A%84%E9%85%8D%E5%90%88%EF%BC%81%3C/p%3E%22,%22%20%22,%22%22,%22%22,%22%22,%22%22,%22%22,%22%22,%22%22,%22%22,%22%22,%22%22,%22%22,%22%22,%22%22%0D%0A